"topnav_shop_button","Shop"
"popup_charms_shop_box_message_CandyJokerNinePack","Adds Lucky Candy to the candy mix, which will transform into useful candy when removed!"
"booster_name_CandyAntiPepparNinePack","Bomb Cooler"
"popup_charms_shop_box_message_CandyHardCurrencyX39","Contains gold so you can purchase items in game."
"tutorial_idBankIntroduction","Click here to enter the Candy Bank!"
"cutscene_chocolate_barn_introduction_little_girl","Oh, what a nice farm!"
"midroll_before_ad_title","A short break!"
"powerup_tipster_title","Powerup tip!"
"popup_charms_shop_box_message_CandyExtraTimeEighteenPack","Start the game with {0} extra seconds play time!"
"booster_info_bubble_button_create","Create"
"popup_game_over_fail_reason_no_more_moves","You had no more
possible switches!"
"popup_charms_shop_box_message_CandyHardCurrencyX40","Contains gold so you can purchase items in game."
"popup_champion_new_message","Of all your friends, you have gathered most stars in {0}!"
"popup_charms_shop_box_message_CandyHardCurrencyX29","Contains gold so you can purchase items in game."
"booster_name_CandySwedishFishNinePack","Jelly Fish"
"popup_charms_shop_daily_offer_none_message","Please check again tomorrow."
"popup_pwf_help_all_friends","Help all friends"
"popup_mission_content_ccs_4","Follow these 3 simple steps:"
"cutscene_sugaryshire_introduction_ram_sticky","I've been caught up in a sticky situation!"
"cutscene_rainbowrunway_introduction_minty_bother","Oh bother, I ate too much *burp*! "
"popup_mission_content_ccs_7","3. Connect with Facebook. Done!"
"popup_mission_content_ccs_6","2. Download the game."
"cutscene_witch_introduction_need_ingredient","My potion needs some extra pop!"
"facebook_xmas_card_share_description","Click on the image and celebrate with me!"
"popup_mission_content_ccs_3","1 Color Bomb"
"cutscene_butterscotchboulders_introduction_girl_i_know","I know what to do! But it will take a while!"
"cutscene_robot_introduction_bzzt","Bzzt... zprrkl..."
"popup_charms_shop_box_message_CandyHardCurrencyX30","Contains gold so you can purchase items in game."
"popup_mission_content_ccs_2","1 Lollipop Hammer "
"game_swipe_end_win_header","Wonderful!"
"popup_charms_shop_box_message_CandyJokerEighteenPack","Adds Lucky Candy to the candy mix, which will transform into useful candy when removed!"
"booster_name_CandyBubbleGum","Bubblegum Troll"
"popup_item_unlocked_purchase_amount_CandySugarDusting","3"
"popup_charms_shop_gift_button","Send Charm"
"popup_booster_wheel_share_regular_title","Know a friend that's stuck?"
"tooltip_powerup_button_gift_from_friend","Gift from a friend!"
"popup_recieved_gift_from_myself","You have bought a Gift Pack!"
"popup_friend_passed_button_continue","Continue"
"cutscene_robot_introduction_need_candy","I need more candy!"
"cutscene_polkapalooza_resolution_girl_this","This sugar spray will do the trick!"
"booster_name_CandyHammerNinePack","Lollipop Hammer"
"booster_name_CandyCoconutLiquoriceEightPack","Coconut Wheel"
"cutscene_cherrychateau_introduction_girl_not_before","Not until you say please!"
"champion_tooltip_2","{0}, the champion of {1} has 1 more episode star than you!"
"popup_booster_wheel_description_fallback","Spin the wheel for free, once every day for a chance to win the Jackpot, a big box of sweets, containing 3 of each of the following: Lollipop Hammer, Color Bomb, Jelly Fish, Extra Time, Striped & Wrapped, Coconut Wheel and Lucky Candy. 
 
Happy Spinning!"
"popup_charms_shop_box_message_CandyHardCurrencyX50","Contains gold so you can purchase items in game."
"automatic_shuffle_message","No more possible switches!
Shuffling."
"booster_name_CandyJokerEightPack","Lucky Candy"
"booster_description_CandyYetiShopPack1","6 Color Bombs and 6 Jelly Fish"
"booster_description_CandyYetiShopPack2","3 Bomb Coolers, 3 Extra Time and 3 Lucky Candies"
"booster_description_CandyAntiPeppar","Click to increase the countdown of all visible bombs. It'll keep you alive for longer!"
"cutscene_jellyJungle_resolution_dino_thanks","Thank you! Now I'm safe!"
"popup_charms_single_earn_credits_button","Earn Credits"
"cutscene_munchy_monolith_introduction_girl_poor_pinata","Poor piñata, did you fall down?! "
"popup_item_unlocked_purchase_amount_CandyStripedWrapped","3"
"tutorial_idScoreLimitReached","Sweet, you reached {0} points and your first star! Try to get a higher score for even more stars!"
"tutorial_explainSwitching_direction_up","Swipe this candy up to match 3 of the same!"
"booster_description_CandyDoubleScores","Activate to add x2 Bonus Candies to the candy mix!"
"popup_button_default_continue","Continue"
"popup_buy_lives_title","Get more lives!"
"tutorial_explainSwitching_direction_right","Swipe this candy to the right to match 3 of the same!"
"popup_charms_shop_box_message_CandyFreeSwitchEighteenPack","Switch two candies that don't match!"
"booster_info_splash","Get it while it lasts!"
"cutscene_icecreamcaves_resolution_yuni_achoo","Achooo!"
"tutorial_idStripedWrapped1","Mix two special candies to create a giant one!"
"popup_item_unlocked_purchase_amount_CandyHintBasic","3"
"popup_collaboration_panel_free_message_value","Total value {0}
"
"popup_life_received_message","You got an extra life from {0}!"
"popup_charms_shop_box_message_CandyHardCurrencyX9","Contains gold so you can purchase items in game."
"popup_booster_wheel_can_not_spin_text","Come back tomorrow for a new spin!"
"popup_item_unlocked_purchase_amount_CandyRainbow","3"
"popup_charms_shop_box_message_CandyColorBombEightPack","Start the game with a Color Bomb!"
"popup_charms_shop_box_message_CandyHardCurrencyX3","Contains gold so you can purchase items in game."
"popup_charms_shop_box_message_CandyHardCurrencyX2","Contains gold so you can purchase items in game."
"popup_charms_shop_box_message_CandyHardCurrencyX1","Contains gold so you can purchase items in game."
"champion_title_episode1201","Sleepy Slopes"
"champion_title_episode1202","Funky Factory"
"popup_askfriend_unlock_title","Ask for help"
"champion_title_episode1203","Honey Hot Tub"
"champion_title_episode1204","Aurora Chocorealis"
"champion_title_episode1205","Lollipop Lanterns"
"tooltip_powerup_button_deactivate","Click to deactivate!"
"cutscene_butterscotchboulders_introduction_gumtroll_ha_ha","HA HA HA! "
"cutscene_Alien_introduction_Fix_That","I'll fix that!"
"popup_charms_shop_box_message_CandyStripedWrappedEighteenPack","Start the game with a Wrapped and a Striped Candy!"
"popup_game_start_best_score","Your best"
"popup_unlocked_item_promt","I just unlocked {0}"
"weekday_name_0","Sunday"
"item_category_candyCharm","Candy Charm"
"midroll_get_rid_of_ads_message_part1","Purchase"
"popup_friend_passed_title","Friend passed"
"popup_game_over_victory_promt","Yay, I completed level {0} in Candy Crush Saga!"
"weekday_name_2","Tuesday"
"cutscene_ocean_introduction_mermaid_my_seahorses","My seahorses swam away from me! I can't find them!"
"weekday_name_1","Monday"
"weekday_name_4","Thursday"
"weekday_name_3","Wednesday"
"weekday_name_6","Saturday"
"popup_notification_central_life_request_header_multi","Help your friends"
"weekday_name_5","Friday"
"popup_charms_shop_box_message_CandyHardCurrencyX19","Contains gold so you can purchase items in game."
"popup_booster_wheel_last_day_title","Wasn't that sweet?"
"popup_charms_shop_box_message_CandyHardCurrencyX100","Contains gold so you can purchase items in game."
"popup_charms_shop_box_message_CandyHardCurrencyX20","Contains gold so you can purchase items in game."
"popup_charms_shop_box_message_CandyHardCurrencyX25","Contains gold so you can purchase items in game."
"preloader_loading_part6_message","Polishing"
"cutscene_polkapalooza_introduction_girl_dont_worry","Don't worry, I'll come to the rescue!"
"booster_name_CandySweetTeeth","Sweet Teeth"
"booster_description_CandyExtraMovesVariable","Start the level with 3 extra moves!"
"popup_charms_shop_daily_offer_description_message","Did you know about the daily offers?"
"popup_game_over_fail_reason_owl_mode_scale_tipped","Odus fell off the moon!"
"map_decoration_text_episode_name_episode14","Caramel Cove"
"map_decoration_text_episode_name_episode15","Sweet Surprise"
"map_decoration_text_episode_name_episode16","Crunchy Castle"
"map_decoration_text_episode_name_episode17","Chocolate Barn"
"map_decoration_text_episode_name_episode10","Wafer Wharf"
"popup_game_over_victory_button_next","Next"
"tutorial_owlModeMoonStruckIntro","Switching candy charges the Moon Scale. Fill it up completely to get a sweet surprise."
"map_decoration_text_episode_name_episode11","Gingerbread Glade"
"map_decoration_text_episode_name_episode12","Pastille Pyramid "
"tutorial_idDropDown1","Bring the cherry ingredients down to the collectors by switching the candies beneath them!"
"map_decoration_text_episode_name_episode13","Cupcake Circus"
"map_decoration_text_episode_name_episode18","Delicious Drifts"
"popup_game_over_victory_button_continue","Continue"
"tooltip_ingame_gui_dropdown_GA_DD_ingredient_1_icon","Collect hazelnuts."
"map_decoration_text_episode_name_episode19","Holiday Hut"
"popup_charms_shop_box_message_CandyCharmOfExtraLife","This charm increases your maximum lives from 5 to 8! Buy now and get a full set of lives!"
"booster_name_CandyShuffle","Shuffle"
"popup_charms_shop_box_message_CandyHardCurrencyX10","Contains gold so you can purchase items in game."
"tooltip_topnav_lifeHeart","This is how many lives you've got."
"popup_charms_shop_box_message_CandyHardCurrencyX12","Contains gold so you can purchase items in game."
"tutorial_introduceBoosterCandyExtraMoves","Click here to get 5 extra moves!"
"popup_item_unlocked_purchase_amount_CandyShuffle","3"
"game_swipe_end_lose_message_reason_lights","Remove jelly"
"cutscene_meringuemoor_introduction_pear_sigh","Sigh!"
"map_decoration_text_episode_name_episode29","Soda Swamp"
"booster_name_CandyColorRemove","Color Remover"
"map_decoration_text_episode_name_episode23","Munchy Monolith"
"map_decoration_text_episode_name_episode24","Pearly White Plains"
"cutscene_sodaswamp_introduction_croc_no_fizz","Thar is nop fizz in ma swamp ennymoé!"
"map_decoration_text_episode_name_episode21","Jelly Jungle"
"map_gift_received_icon_description","You have got a gift from a friend on this level"
"map_decoration_text_episode_name_episode28","Polkapalooza"
"tooltip_topnav_toggle_sound_on","Enable music."
"cutscene_soursalong_resolution_phantom_woopie","Woopie! That's a blip! Thanks little chirp!"
"map_decoration_text_episode_name_episode25","Fudge Islands"
"popup_charms_single_message_CandyCharmOfStripedCandy","This charm lets you paint stripes on any candy, once per game!"
"popup_game_start_next_target","Target: {0}"
"map_decoration_text_episode_name_episode26","Pudding Pagoda"
"popup_hard_currency_funny_title","Candy Crush has a swell new bank!"
"map_decoration_text_episode_name_episode20","Candy Clouds"
"booster_description_CandyExtraTimePostGame","Add {0} extra seconds of play time!"
"popup_xmas_gift_title","Buy gifts for your loved ones!"
"booster_name_CandyColorBombEightPack","Color Bomb"
"popup_pwf_add_friend","Add friend"
"popup_item_unlocked_purchase_amount_CandyColorRemove","3"
"cutscene_troll_introduction_smells_candy","Ahh, smells like candy!"
"booster_name_CandyJokerFourteenPack","Lucky Candy"
"popup_charms_shop_box_message_CandyJokerEightPack","Adds Lucky Candy to the candy mix, which will transform into useful candy when removed!"
"popup_collaboration_received_toothfairy","Your patience has been rewarded! The Tooth Fairy has a gift for you: the next episode is unlocked!"
"popup_pwf_help","Help"
"cutscene_Pyramid_introduction_stole_key","A sneaky rat stole the key."
"map_decoration_text_episode_name_episode32","Sugary Shire"
"booster_description_tipster_CandyColorBomb","Start the game with a Color Bomb!"
"map_decoration_text_episode_name_episode33","Cherry Chateau"
"map_decoration_text_episode_name_episode34","Meringue Moor"
"map_decoration_text_episode_name_episode35","Ice Cream Caves"
"map_decoration_text_episode_name_episode36","Sour Salon"
"cutscene_crunchy_castle_introduction_vampire_sick","Brrr... sniff... sniff!"
"booster_name_CandyCoconutLiquorice","Coconut Wheel"
"daily_bonus_popup_new","New"
"map_decoration_text_episode_name_episode31","Butterscotch Boulders"
"map_decoration_text_episode_name_episode30","Rainbow Runway"
"preloader_loading_part4_message","Heating oven"
"popup_game_start_game_mode_classic_moves","Score {0} points 
to complete the level!"
"cutscene_sodaswamp_introduction_girl_no_worries","No worries! Let good ole me handle this!"
"facebook_send_booster_gift_title","Give a free booster to your friend!"
"topnav_invite_button","Play with Friends"
"popup_charms_shop_box_message_CandyCharmOfStripedCandy","This charm lets you paint stripes on any candy, once per game!"
"midroll_get_rid_of_ads_button","Buy now"
"booster_name_CandyHardCurrencyX1000","1000 gold bars"
"popup_unlocked_item_description","{0}"
"popup_friend_beaten_level","at level {0}"
"popup_hard_currency_formal_title","Candy Crush has a new currency!"
"cutscene_butterscotchboulders_introduction_girl_hello","Hello Mr Train Driver! Why so upset?"
"popup_mission_header_ccs","Play Candy Crush Saga Everywhere!"
"product_header_CandyUnlockLevel3Friends","Candy Crush Level Unlock"
"popup_invite_saga_friends","Saga Friends"
"cutscene_button_skip","SKIP"
"popup_episode_complete_message","Wow, splendid days!"
"popup_notification_central_unlock_request_message","{0} wants to unlock the next episode!"
"popup_game_over_fail_reason_quit_button_pressed","You pressed
the Quit button!             "
"popup_funometer_message","How fun was this level compared to other levels?"
"booster_description_tipster_CandyHammer","Use this booster to smash items on the board!"
"cutscene_cloud_introduction_giant_i_fell","I fell from my castle and now I can't get back."
"cutscene_ocean_resolution_mermaid_they_are_back","They are back, thank you!"
"game_swipe_end_lose_message","Level failed!"
"popup_charms_shop_box_message_CandyHardCurrencyX1000","Contains gold so you can purchase items in game."
"product_description_CandyUnlockLevel1Friend","Buy your way to the next episode."
"tooltip_ingame_star_meter_friend","{0}, {1} points"
"booster_info_bubble_button_buy","Buy"
"popup_item_unlocked_purchase_amount_CandyDoubleScores","3"
"popup_charms_shop_box_message_CandyJokerFourteenPack","Adds Lucky Candy to the candy mix, which will transform into useful candy when removed!"
"booster_description_tipster_CandyBubbleGum","Use the Bubblegum Troll to stop the evil chocolate spawners."
"popup_charms_shop_gift_header","Surprise a friend with a gift!"
"product_description_CandyUnlockLevel3Friends","Buy your way to the next level."
"cutscene_Octopus_introduction_Octoboat_Broke","Sob... My Octoboat is broken!"
"preloader_loading_part5_message","Sampling candy mix"
"booster_name_CandyHardCurrencyX100","100 gold bars"
"booster_name_CandyYetiShopPack2","Lucky Times"
"popup_friend_beaten_title","Friend beaten"
"popup_videoad_message","Watch an advertisement, get a life!"
"popup_game_over_fail_reason_low_score","You failed to reach
{0} points!"
"cutscene_dragon_introduction_no_lemonade","*sob* 
The lake is out of lemonade!"
"tutorial_introduceBoosterCandyShuffle","Click here to shuffle your candies."
"cutscene_meringuemoor_introduction_pear_i_dont","I don't fit in! I want to be a candy too!"
"tutorial_introduceBoosterCandySwedishFish","Add Jelly Fish! Match to use, or combine with other special candy. Click to toggle on or off!"
"shop_push","New and improved!"
"popup_invite_select_all","Select all"
"cutscene_yeti_introduction_mr_yeti","Mr. Yeti?"
"charm_panel_icon_not_bought","Click to buy!"
"booster_name_CandyAntiPepparPostGame","Bomb Cooler"
"tutorial_owlModeIntro","Odus is balancing on the Moon Scale. Keep the candies balanced so he doesn't fall off."
"popup_collaboration_panel_title","Unlock more levels!"
"booster_name_CandyCoconutLiquoriceEighteenPack","Coconut Wheel"
"tutorial_idMovesLeft","Score {0} points before you run out of moves!"
"cutscene_witch_resolution_last","Thank you! That's bubbletastic!"
"popup_friend_passed_button_share","Share"
"popup_candy_bank_num_gold_bars","{0} Gold Bars"
"tutorial_idWorldIntroduction","Your adventure starts today! Click here to play Level 2!"
"facebook_request_collaboration_help_message","I need to unlock the next episode! Can you please help me?"
"daily_bonus_popup_todays_reward","Today's reward:"
"popup_collaboration_panel_free_amount1","x3"
"popup_collaboration_panel_free_amount2","x3"
"popup_item_unlocked_purchase_amount_CandyExtraMovesPercent","3"
"tutorial_introduceBoosterCandyAntiPeppar","Click here to add {0} to the countdown for all bombs!"
"popup_booster_wheel_banner","Once a day"
"popup_charms_shop_box_message_CandyCoconutLiquoriceEightPack","Add powerful Coconut Wheels to the candy mix!"
"popup_episode_complete_button_share","Share"
"cutscene_munchy_monolith_resolution_pinata_candy_for_all","Candy for all, thank you!"
"cutscene_jellyJungle_introduction_girl_why_scared","Why are you scared little dino?"
"popup_episode_complete_header_dreamworld","Great! You’ve completed this episode!"
"facebook_request_life_help_title","These friends can help get you an extra life!"
"popup_game_start_game_mode_balance","Gather {0} blue and {1} red candies to complete the level!"
"popup_game_over_victory_candy_collected","Candy collected:"
"popup_friend_beaten_message","Congratulations! You beat {0}!"
"cutscene_robot_introduction_bzzt_more","Bzzt... pling... more... candy..."
"cutscene_polkapalooza_introduction_rockstar_without","Without my super sparkly hair my concert will have to be canceled!"
"popup_friend_passed_level","at level {0}"
"popup_charms_single_unlocked_header_CandyCharmOfExtraLife","Charm of Life unlocked!"
"popup_lock_of_odus_description","Complete another episode in the Saga to unlock your next dream adventure."
"popup_intro_pwf_give_moves_button","Send extra moves"
"popup_charms_shop_box_header_CandyCharmOfFrozenTime","Charm of Frozen Time"
"popup_game_over_victory_button_share","Share"
"facebook_friend_beaten_share_name","I got {0} points... {1} points more than you!"
"facebook_request_collaboration_help_title","These friends can help you to the next episode!"
"popup_game_over_fail_reason_uncollected_orders","Out of moves!
You did not finish all the orders!"
"cutscene_pearlywhiteplains_introduction_girl_dont_worry","Don't worry Mrs. Tooth Fairy! I'm sure we can fix this somehow!"
"cutscene_girl_introduction_time_to_explore","Well, it's about time to go out and explore the world!"
"popup_charms_shop_secure_payment_message","SECURE PAYMENT"
"cutscene_holiday_hut_resolution_missgingerbread_thank_you","Thank you! Now I can talk again!"
"popup_episode_complete_button_ok","Continue"
"booster_name_CandyBubbleGumNinePack","Bubblegum Troll"
"endgame_swipe_info","Continue playing with the help of these boosters!"
"popup_friend_beaten_button_continue","Continue"
"cutscene_rainbowrunway_introduction_girl_hello","Hello! It's a lovely day for flying isn't it?"
"cutscene_circus_resolution_saved_us","Thank you!
You saved the day!"
"popup_hard_currency_funny_button","Get free gold"
"product_package_header","Product Package!"
"booster_info_bubble_autoRegen_desc_CandyHammer","You get {0} free Lollipop Hammers every 20 hours!
"
"popup_charms_shop_box_message_CandyHammerNinePack","Use this booster to smash items on the board!"
"booster_description_CandyAntiPepparPostGame","Click to increase the countdown of all visible bombs. It'll keep you alive for longer!"
"popup_notification_central_button_accept","Send"
"cutscene_Pyramid_resolution_thanks_candy","Thanks for the candy!
Here's the key."
"popup_intro_pwf_give_moves_header","Help your friends by sending extra moves!"
"champion_tooltip","Collect at least {2} more stars to beat {0} and become the champion of {1}."
"popup_notification_central_unlock_request_header","Help {0} out"
"booster_description_CandyBubbleGum","Remove all chocolate and stop the chocolate spawners for 5 moves."
"cutscene_cherrychateau_resolution_spoiledgirl_what_ever","Whatever!"
"popup_item_unlocked_message","Congratulations! You have unlocked a new {0}."
"game_swipe_end_lose_reason_ingredients_plural","You only need {0} more ingredients."
"tutorial_owlModeMoonStruckReached","One more move and the Moon will be full! Complete it and Odus will use his dreamy powers to help you!"
"popup_booster_wheel_last_day","We hope you enjoyed the bonus wheel!
Keep playing for more delicious surprises from Candy Crush!"
"popup_charms_single_info_header_CandyCharmOfExtraLife","Buy the Charm of Life!"
"cutscene_yeti_resolution_let_me_help","Please... let me help you!"
"game_swipe_intro_mode_light_up_header","Clear all the jelly!"
"popup_xmas_card_description","Choose a card to send to a friend."
"cutscene_bunny_introduction_stuck_in_chocolate","I am stuck in the chocolate.
Please, help me!"
"popup_game_over_loss_best_ever","Best"
"cutscene_PolkaPalace_introduction_Troll","I wish that terrible troll never showed up."
"game_swipe_intro_mode_order_header","Collect all orders!"
"preloader_error_message","An error occurred while loading"
"cutscene_pearlywhiteplains_introduction_fairy_candies_fault","This is all candy's fault!"
"popup_charms_shop_info_header","Charms Are Forever!"
"facebook_friend_beaten_share_promt","{1}, I beat your score at level {0}!"
"map_decoration_text_episode_name_episode1205","Lollipop Lanterns"
"map_decoration_text_episode_name_episode1204","Aurora Chocorealis"
"tutorial_owlModeFreezeEndGamePurchase","Now's your chance to reset the Moon Scale and freeze it for 5 moves!"
"popup_intro_pwf_give_lives_button","Send lives"
"map_decoration_text_episode_name_episode1203","Honey Hot Tub"
"booster_name_CandyStripedWrapped","Striped & Wrapped"
"map_decoration_text_episode_name_episode1202","Funky Factory"
"tooltip_ingame_gui_order_9","Collect Color Bombs."
"map_decoration_text_episode_name_episode1201","Sleepy Slopes"
"popup_xmas_card_title","Send a holiday greeting"
"popup_videoad_header","Video Ad"
"cutscene_caramel_cove_introduction_help_you","I have an idea!"
"tooltip_ingame_gui_order_5","Collect purple candies."
"tooltip_ingame_gui_order_6","Collect green candies."
"popup_item_unlocked_purchase_amount_CandyShuffleSpecial","3"
"tooltip_ingame_gui_order_7","Collect wrapped candies."
"tooltip_ingame_gui_order_8","Collect striped candies."
"tooltip_ingame_gui_order_1","Collect red candies."
"tooltip_ingame_gui_order_2","Collect blue candies."
"map_decoration_text_episode_name_episode1208","Nerdy Nebula"
"tooltip_ingame_gui_order_3","Collect yellow candies."
"map_decoration_text_episode_name_episode1207","Crazy Crossing"
"tooltip_ingame_gui_order_4","Collect orange candies."
"cutscene_caramel_cove_resolution_saved_us","Mahalo, little girl!"
"map_decoration_text_episode_name_episode1206","Twilight Egg"
"facebook_champion_of_episode_share_name","I just became {0}!"
"tutorial_owlModeFreezeScale","The Moon Scale is now frozen for 5 moves."
"tutorial_introduceBoosterCandyJoker","Add Lucky Candy! Match to use, will transform into useful candy. Click to toggle on or off!"
"game_swipe_end_win_ingredients","You collected all ingredients!"
"game_swipe_end_lose_message_a","Oh No!"
"popup_charms_shop_box_message_CandyCoconutLiquoriceFourteenPack","Add powerful Coconut Wheels to the candy mix!"
"popup_charms_shop_gift_message","Why don't you buy a wonderful charm for a friend? It is a gift that lasts forever."
"booster_name_CandyExtraMovesVariable","+3 Extra Moves"
"popup_charms_single_unlocked_header_CandyCharmOfStripedCandy","Charm of Stripes unlocked!"
"popup_lock_of_odus_button","Play on!"
"game_swipe_end_lose_message_reason_orders","Collect orders"
"popup_mission_header","A bewitching deal!"
"booster_description_tipster_CandyAntiPeppar","Click to increase the countdown of all visible bombs. It'll keep you alive for longer!"
"popup_game_over_victory_name","I just completed level {0}, scored {1} points and got {2} stars."
"cutscene_cherrychateau_introduction_girl_hi","Hi! Do you need some help?"
"cutscene_cherrychateau_introduction_spoiledgirl_you_there","You there, peasant!  Get me down at once!"
"popup_game_start_select_boosters","Select boosters:"
"cutscene_puddingpagoda_introduction_cat_help","Help! Help! Gumzilla! "
"booster_name_CandyYetiShopPack5Offer","Opening offer"
"cutscene_delicious_drifts_introduction_polarbear_sigh","Sigh!"
"popup_saga_complete_button_share","Share"
"facebook_friend_passed_share_description","Come play and see if you can catch up!"
"social_share_invite_message","Do you want to join my adventures? Try Candy Crush Saga now!"
"popup_game_over_victory_message","Congratulations!"
"popup_item_unlocked_purchase_amount_CandyComboHelper","3"
"game_swipe_intro_mode_light_up_score_header","Get {0} points and clear all the jelly to win!"
"cutscene_puddingpagoda_introduction_girl_dont_worry","Don't worry! I'll take care of him!"
"cutscene_cloud_resolution_giant_convenient","How convenient!"
"popup_item_unlocked_purchase_amount_CandyDoubleScoresSuper","3"
"cutscene_pearlywhiteplains_introduction_fairy_oh_no","Oh no my beautiful teeth! Ruined! "
"popup_xmas_card_select_friend","Select friend"
"popup_game_over_loss_button_retry","Try again"
"tooltip_pwf_button","See your friends' progress and help them out!"
"popup_game_start_level","Level {0}"
"new_episode_available","New levels available!"
"booster_description_CandyColorBomb","Start the level with a Color Bomb!"
"popup_charms_single_buy_button","Buy now"
"popup_dream_world_presentation","You have unlocked a whole new world! A dreamy wonderland with {0} new levels of Candy Crush fun!"
"cutscene_witch_introduction_can_help","I can help with that!"
"popup_funometer_button_continue","Continue"
"popup_moves_recieved_2","Do you want to send a life back?"
"popup_shop_gifts_gift_three_description","This super value bag of sweetness contains 4 boosters: Color Bomb, Bomb Cooler, Striped & wrapped plus some chomping Sweet Teeth."
"cutscene_meringuemoor_resolution_pear_wonderful","Wonderful! Thanks little girl!"
"cutscene_rainbowrunway_introduction_girl_of_course","Of course! Helping out is my speciality!"
"popup_xmas_gift_shop_back","Back"
"tooltip_popup_gamestart_target_star","You need at least {0} points to reach your target."
"cutscene_yeti_resolution_thanks","Thanks for waking me up!"
"popup_charms_shop_box_message_CandyHardCurrencyX200","Contains gold so you can purchase items in game."
"booster_name_CandyExtraTimePostGame","Extra Time"
"popup_shop_gifts_gift_one_description","This popular candy gift contains two boosters: Color Bomb and Jelly Fish "
"popup_funometer_wohoo","Wohoo!"
"tutorial_introduceBoosterCandyCoconutLiquorice","Add powerful Coconut Wheels! Switch them or combine with special candy for cool effects. Click to toggle on or off!"
"tooltip_powerup_button_locked","Can't be used in this level!"
"cutscene_delicious_drifts_resolution_girl","This takes care of that!"
"popup_item_unlocked_purchase_amount_CandySweetener","3"
"booster_name_CandyColorBomb","Color Bomb"
"popup_collaboration_received_button_ok","ok"
"popup_notification_central_message_count","{0} Requests"
"facebook_took_champion_title_form_friend_share_name","I got {0} stars in {1} and took your title!"
"popup_xmas_gift_shop","To the gift shop!"
"facebook_champion_of_episode_share_description","Click here and try to beat me!"
"popup_booster_wheel_share_jackpot_title","Amazing!"
"booster_description_CandyYetiShopPack3LargeTest2","12 Free Switches and 12 Lollipop Hammers"
"popup_booster_received_title","Booster received"
"cutscene_pearlywhiteplains_introduction_girl_nothing_wrong","Nothing wrong with candy! You just have to brush your teeth!"
"cutscene_cloud_introduction_giant_you_help_me","A tiny girl like you? Help me?!"
"popup_collaboration_panel_free_button","Get it free!"
"popup_booster_wheel_booster_not_unlocked_text","This booster will unlock at level {0}"
"booster_description_CandyYetiShopPack1LargeTest2","12 Color Bombs and 12 Jelly Fish"
"cutscene_robot_resolution_thanks","Thanks for starting me up!"
"tooltip_map_collaboration_friends","You've received help from: {0}"
"cutscene_crunchy_castle_introduction_little_girl","Poor little vampire... Sick?"
"booster_name_CandyCoconutLiquoriceNinePack","Coconut Wheel"
"popup_item_unlocked_purchase_amount_CandySweetTeeth","3"
"booster_name_CandySwedishFish","Jelly Fish"
"popup_item_unlocked_purchase_amount_CandyMarshmallow","3"
"popup_booster_wheel_share_regular_description","Tell them about the wheel!"
"facebook_request_life_help_message","I'm out of lives, could you please send me one?"
"cutscene_Pyramid_introduction_help","I think I can help you!"
"popup_charms_shop_daily_offer_message_CandyCharmOfFrozenTime","Your friends will thank you for giving them the Charm of Frozen Time!"
"popup_charms_shop_box_message_CandyFreeSwitchNinePack","Switch two candies that don't match!"
"popup_item_unlocked_purchase_amount_CandySwedishFish","3"
"cutscene_puddingpagoda_introduction_girl_whats_the_matter","What's the matter?"
"popup_intro_pwf_give_time_button","Send extra time"
"cutscene_munchy_monolith_introduction_pinata_how_are_the_kids","How will the kids get their candy now?!"
"booster_description_CandyHammer","Smash items on the board!"
"game_swipe_end_lose_header_reason_score","Out of moves!"
"facebook_took_champion_title_form_friend_share_promt","{0}, I have reached the title \"{1}\"!"
"popup_game_over_fail_reason_out_of_time","Out of time! 
You failed to reach
{0} points!"
"cutscene_meringuemoor_introduction_girl_hi","Hi, Mr. Pear! How's it hanging?"
"popup_game_over_victory_best_ever","Your best:"
"facebook_saga_complete_share_name","Far from the end...?"
"popup_funometer_boring","Boring!"
"cutscene_crunchy_castle_introduction_vampire","Yes, and now I can't go to the Halloween party... sniff!"
"game_swipe_end_lose_message_reason_score","Get {0} points"
"popup_askfriend_life_button","Send request"
"tutorial_idStriped1","Try to match 4 candies!"
"cutscene_sweet_surprise_resolution_everybody","SURPRISE!"
"tutorial_idStriped2","...to get a special candy!"
"game_swipe_intro_mode_classic_moves_header","Get {0} points
in {1} moves!"
"tutorial_idStriped3","Match it to get a line blast!"
"tutorial_idStriped4","Now, try this one!"
"popup_funometer_header","Fun-O-Meter"
"cutscene_unicorn_introduction_no_horne","Alas, what is a unicorn without a horn? 
*sniff*"
"game_swipe_end_lose_header_reason_pepper_candy","The bomb is about to explode!"
"popup_booster_received_button_ok","Ok!"
"booster_description_CandyFreeSwitch","Switch two candies that don't match!"
"cutscene_ocean_introduction_mermaid_sigh","Sigh! "
"game_order_list_header","Collect:"
"tooltip_topnav_buy_life_popup_full_life","You already have full life."
"tutorial_introduceBoosterCandyFreeSwitch","Click here to be able to switch two candies that don't match!"
"popup_candy_bank_num_gold_bar","{0} Gold Bar"
"facebook_champion_of_episode_share_promt","I'm the champion of {0}!"
"popup_booster_wheel_button","Stop Wheel"
"popup_intro_pwf_give_lives_header","Help your friends by sending lives!"
"topnav_full_life","Full"
"tutorial_explainSwitching_direction_left","Swipe this candy to the left to match 3 of the same!"
"cutscene_userepisode_introduction_girl_no_worries","No worries! I'll ask an old friend for help!"
"booster_name_CandyFreeSwitch","Free Switch"
"cutscene_rainbowrunway_resolution_minty_aie","Aaaaiiieeeeeeeee!"
"booster_name_CandyFreeSwitchEighteenPack","Free Switch"
"cutscene_cherrychateau_introduction_spoiledgirl_hello","Hello? "
"popup_charms_shop_box_message_CandyHardCurrencyX500","Contains gold so you can purchase items in game."
"cutscene_meringuemoor_introduction_girl_let","Let me take care of it!"
"popup_charms_shop_box_message_CandyCoconutLiquoriceEighteenPack","Add powerful Coconut Wheels to the candy mix!"
"booster_description_CandyExtraMoves","Get 5 extra moves!"
"booster_name_CandyAntiPepparEighteenPack","Bomb Cooler"
"popup_charms_shop_daily_offer_message_CandyCharmOfExtraLife","Your friends will thank you for giving them eternal extra lives!"
"booster_description_CandySwedishFish","Add Jelly Fish candies to the candy mix."
"booster_name_CandyExtraTimeEighteenPack","Extra Time"
"popup_mission_continue_button","OK"
"tooltip_topnav_rate","Show your friends that you like this game."
"tooltip_topnav_toggle_music_off","Mute sounds."
"popup_life_received_button_accept_send","Accept & Send "
"booster_name_CandyYetiShopPack2LargeTest2","Lucky Times"
"popup_invite_like_games","King Friends"
"tooltip_world_booster_wheel","Spin and get a free booster!"
"popup_pwf_level_progress","Level progress"
"champion_title_episode29","Bubbling Boss"
"champion_title_episode28","Polka Superstar"
"champion_title_episode25","Pastry Chef"
"champion_title_episode24","Fairy Godmother"
"popup_item_unlocked_button_continue","Continue"
"champion_title_episode27","Royal Sweet Tooth"
"item_category_candyResource","Ingredient"
"daily_bonus_popup_footer","Come back tomorrow for more gifts!"
"champion_title_episode26","Sherbet Shogun"
"champion_title_episode31","Cherry Sheriff"
"champion_title_episode32","Sweetest Shepherd"
"tooltip_powerup_button_gift_from_friend_multi","Gifts from friends!"
"champion_title_episode33","Baroque Baroness"
"champion_title_episode34","Papa Grande"
"cutscene_cloud_introduction_girl_what_happened","Mr. Giant! What happened?"
"booster_description_CandyColorRemove","Removes one color from the candy mix! Very powerful!"
"champion_title_episode30","Rainbow Catcher"
"facebook_send_help_accept_message","I will help you unlock the next episode! "
"topnav_feedback_button","Give us feedback!"
"champion_title_episode36","Caramel Keyboardist"
"tooltip_lock_of_odus_locked","You need to progress further to unlock the next episode."
"champion_title_episode35","Queen of Shiba"
"game_swipe_end_win_order","You collected all orders!"
"tooltip_topnav_lifeHeart_zero","You have no lives left. Click the plus to get more."
"topnav_like_button","Like"
"booster_name_CandyAntiPeppar","Bomb Cooler"
"facebook_send_help_accept_title","Here is your ticket!"
"popup_charms_shop_box_message_CandyHardCurrencyX250","Contains gold so you can purchase items in game."
"popup_champion_beaten_title","You are the Champion!"
"popup_game_over_title_loss","Level {0} failed"
"cutscene_cherrychateau_resolution_spoiledgirl_how_dare","How dare you! GRRRRRR!"
"product_package_message","Continue playing with the help of these boosters!"
"popup_charms_single_info_header_CandyCharmOfFrozenTime","Buy the Charm of Frozen Time!"
"popup_life_received_message_2","You got an extra life from {0} and {1}!"
"popup_champion_beaten_button_share","Share"
"cutscene_munchy_monolith_introduction_girl_we_need_some_magic","We need some magic!"
"popup_game_start_game_mode_classic","Reach {1} points within {0} seconds to complete the level!"
"popup_candy_bank_package_needed","Gold Bar package needed:"
"popup_many_friends_beaten_title","Friends beaten"
"tutorial_idBankIntroductionInsideBank","Click here to get Gold Bars. First time's for free!"
"cutscene_icecreamcaves_resolution_yuni_yay","I'm free! Let's eat ice cream!"
"popup_no_more_lives_time","Time to next life:"
"popup_booster_wheel_jackpot_name","Jackpot"
"game_swipe_end_lose_message_reason_orders_b","Orders collected: {0}"
"booster_name_CandyWrapped","Wrapped"
"popup_collaboration_panel_free_message","Right now you can get instant access to the next episode, 3 Color Bombs and 3 Lollipop Hammers ({0} value)  for FREE! Don't miss out!"
"booster_name_CandyJokerEighteenPack","Lucky Candy"
"popup_charms_shop_box_message_CandyHammerEighteenPack","Use this booster to smash items on the board!"
"popup_charms_shop_daily_offer_none_header","SOLD OUT!"
"cutscene_polkapalooza_resolution_rockstar_gnarley","Groovy! Thanks heaps kid! The show can go on!"
"popup_saga_complete_message","Soon there will be new places to explore. Until then you can replay previous levels to gain higher scores and more stars!"
"popup_charms_shop_box_message_CandyStripedWrappedNinePack","Start the game with a Wrapped and a Striped Candy!"
"facebook_friend_passed_share_promt","I passed you in Candy Crush Saga!"
"popup_charms_shop_box_message_CandyCharmOfFrozenTime","This charm makes time stand still when you're planning your moves on levels with time limits!"
"game_swipe_end_lose_message_reason_ingredients_b","Ingredients cleared: {0}"
"tooltip_ingame_gui_score","Gain at least {0} points to reach your target!"
"popup_collaboration_panel_free_title","Get it for free!"
"incentive_text_discount","{0}%
discount"
"tooltip_topnav_toggle_sound_off","Mute music."
"booster_name_CandyExtraTimeFourteenPack","Extra Time"
"cutscene_rainbowrunway_introduction_minty_yes","Yes *hiccup* but I can't lift off! Too much candy!"
"facebook_xmas_card_share_promt","Happy Holidays, {0}!"
"popup_askfriend_life_title","Ask for lives"
"game_swipe_end_continue_button_text","Play On"
"popup_shop_gifts_send_to","Send to"
"popup_item_unlocked_purchase_amount_CandyExtraMoves","1"
"popup_item_unlocked_title","{0} unlocked"
"popup_charms_single_unlocked_header_CandyCharmOfFrozenTime","Charm of Frozen Time unlocked!"
"popup_charms_shop_daily_offer_header","Mr. Yeti's Daily Offer"
"booster_description_CandyYetiShopPack2LargeTest2","9 Bomb Coolers, 9 Extra Time and 9 Lucky Candies"
"product_description_CandyFullLife","Get a full set of lives instantly"
"popup_videoad_btn_view","New Life"
"booster_description_CandyExtraTime","Bonus time during time levels!"
"cutscene_userepisode_introduction_cakelady_oh_dear","Oh dear! "
"cutscene_liquoriceTower_introduction_guard_help","Help! "
"cutscene_cherrychateau_resolution_girl_great","Great! You got yourself down!"
"cutscene_rainbowrunway_introduction_minty_boost","Could you give me a boost?"
"popup_lock_of_odus_header","Next dream is locked"
"tooltip_powerup_button_activate","Use now!"
"popup_saga_complete_button_ok","See you!"
"popup_notification_central_button_accept_and_send","Accept & send"
"topnav_craft_button","Craft"
"cutscene_liquoriceTower_resolution_guard_blimey","Blimey! There they was! Thanks a lot!"
"booster_name_CandyStriped","Striped"
"booster_info_bubble_label_MostPopular","Most
Popular"
"cutscene_puddingpagoda_introduction_cat_gumzilla_wrecks","Gumzilla is wrecking the Pudding Pagoda! Stop him!"
"popup_shop_gifts_treat_yourself","Treat yourself"
"tutorial_explainSwitching_try_yourself","Make 3 more matches to complete the level!"
"powerup_tipster_charm_description","It seems like you're having trouble with this level. Maybe this charm can help you?"
"cutscene_pearlywhiteplains_resolution_fairy_thank_you","My teeth are nice and clean! Thank you!"
"booster_description_CandyComboHelper","Get help to find the most powerful switches!"
"booster_name_CandyJoker","Lucky Candy"
"booster_description_tipster_CandyJoker","Adds Lucky Candy to the candy mix, which will transform into useful candy when removed!"
"champion_title_episode10","Captain Wafer"
"game_swipe_end_rewind_the_dream_button_text","Rewind the dream"
"champion_title_episode12","Pastille Pharaoh"
"champion_title_episode11","Grand Witch"
"booster_info_bubble_button_purchase","Purchase"
"popup_game_over_loss_message","You failed to reach
{0} points!"
"facebook_friend_beaten_share_description","Click on the image to challenge me!"
"tutorial_introduceBoosterCandyBubbleGum","Click here to get some help from the troll and stop the chocolate spawners!"
"popup_welcome_title","Welcome to"
"popup_candy_bank_title","Candy Bank"
"cutscene_chocolate_barn_introduction_sad_cow_cry","Moo!"
"champion_title_episode15","Party Queen"
"champion_title_episode16","Crunchy Count"
"champion_title_episode13","Cupcake Showman"
"popup_recieved_gift","{0} has sent you a gift!"
"popup_game_over_fail_reason_pepper_exploded","You did not remove 
the bomb in time!"
"champion_title_episode14","Caramel Chieftain"
"champion_title_episode19","Holiday Spirit"
"champion_title_episode17","Farm Hero"
"champion_title_episode18","Polar Explorer"
"champion_title_episode23","Sugar Shaman"
"champion_title_episode22","Marmalade Mermaid"
"champion_title_episode21","Tiramisaurus Rex"
"champion_title_episode20","Sky Lord"
"preloader_loading_part2_message","Mixing ingredients"
"cutscene_puddingpagoda_resolution_gumtroll_ill_be_back","I'll be back! HA HA HA!"
"tutorial_owlModeMoonStruckOngoing","As long as there’s power still left in the Moon, there’ll always be fewer types of candy to crush. So make the most of it and get crushing!"
"cutscene_butterscotchboulders_introduction_driver_the_gumtroll","The Bubblegum Troll blocked the tracks with chocolate! I can't pass it!"
"popup_charms_shop_box_message_CandyGiftPack1","Contains two boosters: Color Bomb and Jelly Fish."
"popup_charms_shop_box_message_CandyGiftPack2","Contains three boosters: Color Bomb, Free Switch and Coconut Wheel."
"popup_charms_shop_box_message_CandyExtraTimeEightPack","Start the game with {0} extra seconds play time!"
"popup_item_unlocked_purchase_amount_CandyExtraTime","3"
"booster_description_CandyShuffle","Shuffles the candy mix to find new switches!"
"popup_item_unlocked_purchase_amount_CandyBubbleGum","3"
"ingame_ui_sign_score","score:"
"game_swipe_end_lose_reason_lights_plural","You only need {0} more jellies."
"midroll_get_rid_of_ads_title","Tired of Ads?"
"facebook_took_champion_title_form_friend_share_description","Click on the image to challenge me!"
"popup_notification_central_life_request_message_2","{0} and {1} are out of lives!"
"popup_notification_central_life_request_header","Help {0}"
"cutscene_sugaryshire_introduction_girl_no_problem","No problem! I know what to do!"
"popup_charms_shop_box_message_CandyAntiPepparEighteenPack","Adds 5 to the countdown of all visible bombs!"
"popup_charms_single_info_header_CandyCharmOfStripedCandy","Buy the Charm of Striped Candy!"
"popup_askfriend_unlock_button","Send request"
"popup_game_start_game_mode_light_up","Clear all the jelly to complete the level!"
"cutscene_holiday_hut_resolution_girl_happy_holiday","Happy Holiday!"
"popup_charms_shop_box_message_CandyColorBombEighteenPack","Start the game with a Color Bomb!"
"cutscene_girl_introduction_go_that_way","Pssst, the world is that way!"
"popup_charms_shop_box_message_CandySwedishFishNinePack","Adds Jelly Fish to the candy mix, which clears three pieces of jelly when you match it!"
"popup_xmas_card_button_send","Send"
"popup_collaboration_panel_PayWithMobile_info","This is the minimum carrier price point, the remainder will be added to your Candy Bank."
"cutscene_icecreamcaves_introduction_yuni_im_stuck","I wanted ice cream but I fell and got stuck in this cone!"
"popup_saga_complete_header","To be continued..."
"booster_name_CandyHardCurrencyX3","3 gold bars"
"cutscene_yeti_introduction_help_please","Mr. Yeti, can you please help?"
"booster_name_CandyHardCurrencyX2","2 gold bars"
"popup_charms_shop_box_message_CandySwedishFishEighteenPack","Adds Jelly Fish to the candy mix, which clears three pieces of jelly when matched with candies of the same color!"
"booster_name_CandyHardCurrencyX1","1 gold bar"
"popup_item_unlocked_purchase_amount_CandyColorBomb","3"
"tooltip_ingame_gui_moves","Every successful switch costs a move. Game ends when all are used."
"cutscene_delicious_drifts_resolution_happy_polarbear","Cool!"
"booster_name_CandyHardCurrencyX9","9 gold bars"
"popup_no_more_lives_title","No more lives"
"game_swipe_end_lose_header_reason_quit","You pressed the quit button!"
"cutscene_sodaswamp_resolution_croc_thanks","Well, I thanky! Now aint that swamp purdy?"
"tooltip_topnav_toggle_music_on","Enable sounds."
"cutscene_robot_resolution_me_help","Now it's my turn to help you!"
"tooltip_world_yeti_shop_sign","This is where you buy really awesome boosters!"
"cutscene_icecreamcaves_introduction_yuni_cry","Eeeeeiiiiii! Eeeeeiiiiii!"
"popup_unlocked_item_name","Unlocked {0}"
"popup_buy_lives_message","You can ask your friends for extra lives, or buy a full set instantly to continue playing."
"game_swipe_end_offer_title","{0}%
discount"
"popup_item_unlocked_purchase_amount_CandyFreeSwitch","3"
"cutscene_ocean_introduction_girl_lets_see","Let's see what I've got up my sleeve!"
"booster_name_CandySwedishFishEighteenPack","Jelly Fish"
"popup_intro_pwf_give_time_header","Help your friends by sending extra time!"
"product_package_purchase_confirmation_header","You bought {0}"
"powerup_tipster_buy_button","Buy"
"dream_world_title","Dreamworld"
"booster_name_CandyExtraMoves","Extra Moves"
"booster_description_tipster_CandyExtraMoves","Activate this booster at any time to get 5 extra moves!"
"booster_description_CandyJoker","Add Lucky Candy to the candy mix."
"booster_name_CandyHardCurrencyX250","250 gold bars"
"popup_charms_shop_box_message_CandyAntiPepparNinePack","Adds 5 to the countdown of all visible bombs!"
"popup_booster_wheel_legal","One spin daily; booster won is free. Booster is not refundable; cannot be exchanged, transferred or used in other games."
"popup_candy_bank_free_button","FREE"
"booster_info_quantity_CandyExtraTime","15"
"booster_name_CandyYetiShopPack1LargeTest2","Bombalicous Fishes"
"cutscene_jellyJungle_introduction_dino_oh_dear","Oh dear! "
"no_flash_player","To play Candy crush Saga you need to upgrade your Flash Player."
"cutscene_butterscotchboulders_resolution_driver_thanks","The chocolate is gone! Thanks little girl!"
"tutorial_explainSwitching_direction_down","Swipe this candy down to match 3 of the same!"
"popup_shop_charms_button","Charms"
"popup_charms_shop_trialpay_button","Earn Credits"
"popup_invite_all_friends","All Friends"
"popup_notification_central_unlock_request_message_multi","{0} and {1} other friends want to unlock the next episode!"
"popup_invite_invite_btn","Invite"
"popup_highscore_send_life_to_all_button","Send to all"
"popup_candy_bank_best_value","Best Value"
"booster_info_bubble_discount","Save: {0}"
"cutscene_ocean_introduction_girl_whats_the_matter","What's the matter underwater twin?"
"booster_name_CandyHardCurrencyX200","200 gold bars"
"popup_shop_gifts_gift_two_description","This sweet candy present contains 3 boosters: Color Bomb, Free Switch and Coconut Wheel"
"popup_item_unlocked_purchase_amount_CandyJoker","3"
"popup_life_received_message_multi","You got an extra life from {0} and {1} other friends!"
"game_swipe_end_lose_reason_orders_plural","You only need to collect {0} more orders."
"preloader_loading_part1_message","Adding frosting"
"popup_charms_shop_box_message_CandyExtraTime","Start the game with {0} extra seconds play time!"
"tutorial_introduce_owl_on_map","Odus will show you the way to the new world! Click him to play now!"
"balance_indicator_title","Balance"
"cutscene_liquoriceTower_introduction_girl_cheerio","Good day Mr Guard! Whats the matter?"
"popup_collaboration_received_message","Your friend {0} helps you board!"
"tutorial_introduceBoosterCandyExtraTime","Click here to get extra time!"
"cutscene_icecreamcaves_introduction_girl_let","Dry those tears, I'll help you!"
"popup_invite_search_friend","Search Friend"
"powerup_tipster_booster_description","It seems like you're having trouble with this level. Maybe this booster can help you?"
"popup_game_start_game_mode_order","Collect all orders to complete the level!"
"popup_charms_single_message_CandyCharmOfFrozenTime","This charm makes time stand still when you're planning your moves on levels with time limits!"
"popup_shop_gifts_select_friend","Select friend"
"cutscene_holiday_hut_introduction_girl_hi_miss","Hi Miss Gingerbread! Happy Holiday!"
"popup_hard_currency_funny_subtitle","You got Gold!"
"booster_description_tipster_CandyColorRemove","Removes one color from the candy mix! Very powerful!"
"popup_game_start_game_mode_drop_down_score","Collect all ingredients to complete the level!"
"booster_name_CandyColorBombFourteenPack","Color Bomb"
"incentive_text_limited","For a short time only!"
"cutscene_sleepyslopes_resolution_owl_hoo","Hoo Hoo! Let's make your dreams come true!"
"popup_buy_lives_button_buy","Buy"
"cutscene_puddingpagoda_resolution_cat_thank_you","Thank you! You saved the day!"
"tutorial_idScoreMeter","More matches give you a better score. Get {0} points to complete the level! "
"popup_shop_gifts_button","Gifts"
"cutscene_sleepyslopes_introduction_girl_sigh","Sigh! I feel so tired from helping folks!"
"popup_charms_shop_box_message_CandyExtraTimeNinePack","Start the game with {0} extra seconds play time!"
"facebook_episode_complete_share_promt","Wow, episode {0} in Candy Crush Saga!"
"tooltip_topnav_invite","It's more fun to play with friends! 
Click to invite!"
"popup_champion_new_title","You are the Champion!"
"popup_error_alert_title","Ooooops! What happened?"
"popup_collaboration_received_header","You got help!"
"cutscene_holiday_hut_introduction_girl_dont_worry","Don't worry! I can help you with that!"
"cutscene_polkapalooza_introduction_rockstar_bohoo","Boohoo, my hair is ruined! "
"game_swipe_end_end_button_text","End Game"
"tutorial_idWrapped1","Try a T or L-shaped match!"
"tutorial_idWrapped2","...to get a special candy! Match it to clear lots of candy!"
"tooltip_ingame_star_meter_star_1","Reach {0} points to get one star"
"cutscene_yeti_introduction_how_wake_up","Mr. Yeti is asleep. How can I wake him up?"
"booster_info_quantity_CandyAntiPeppar","5"
"daily_bonus_popup_headline","Years of great games! "
"popup_charms_shop_box_message_CandyColorBombFourteenPack","Start the game with a Color Bomb!"
"tooltip_ingame_star_meter_star_3","Reach {0} points to get three stars"
"tooltip_ingame_star_meter_star_2","Reach {0} points to get two stars"
"popup_item_unlocked_purchase_amount_CandyHammer","3"
"popup_mission_accomplished_header","Well done!"
"cutscene_sugaryshire_resolution_ram_sweet","Sweet! Now my cotton is fluffy again!"
"game_swipe_end_lose_reason_orders_singular","You only need 1 more order."
"tutorial_button_skip","ok"
"popup_pwf_invite_more_friends","Invite more friends"
"popup_game_over_victory_your_score","Your score:"
"preloader_loading_complete_header","Candy complete!"
"game_swipe_intro_mode_drop_down_score_header","Collect all ingredients!"
"tutorial_introduceBoosterCandyHammer","Click here to get a hammer that can smash items on the board!"
"booster_name_CandyExtraTimeEightPack","Extra Time"
"booster_description_tipster_CandyCoconutLiquorice","Add powerful Coconut Wheels to the candy mix!"
"cutscene_chocolate_barn_resolution_girl","Wait, I've got some magic cocoa beans in my bag!"
"facebook_xmas_card_share_name","Get into the holiday spirit with a sweet, delicious, divine Candy Crush greeting. Happy holidays and may your dreams be full of candy!"
"popup_collaboration_panel_PayWithMobile","Pay with mobile"
"booster_name_CandyBubbleGumEighteenPack","Bubblegum Troll"
"cutscene_sugaryshire_introduction_girl_hello","Hello, Mr. Ram! What happened here?"
"popup_highscore_friends_label","High score"
"shop_sign_new","New"
"booster_name_CandyExtraTimeNinePack","Extra Time"
"booster_name_CandyHardCurrencyX50","50 gold bars"
"popup_charms_shop_box_header_CandyCharmOfExtraLife","Charm of Life"
"cutscene_crunchy_castle_resolution_girl","I've got a treat for you!"
"booster_reminder_description_CandyExtraMoves","5 extra moves!"
"popup_collaboration_panel_button_friends","Ask friends"
"booster_description_tipster_CandyShuffle","Shuffles the Candy mix to find new switches!"
"game_swipe_end_win_jelly","You cleared all the jelly!"
"popup_mission_accomplished_content","You completed the Bubble Witch Saga task and got a full set of lives and Lollipop Hammer as a reward!"
"tooltip_topnav_message_button","View messages"
"cutscene_circus_introduction_help","I think I can help you!"
"cutscene_rainbowrunway_resolution_minty_thanks","Thanks, Miss! You're a star!"
"popup_many_friends_passed_message_2","and {1} more friends."
"booster_name_CandyColorBombEighteenPack","Color Bomb"
"game_swipe_end_lose_header_reason_owl_mode_scale_tipped","Odus fell down!"
"midroll_before_ad_message_thanks_for_watching","Thank you for keeping Candy Crush Saga free to play!"
"tooltip_ingame_gui_quit_button","Quit game.
(You will lose a life.)"
"popup_candy_bank_secure_payment","Secure Payment"
"dream_world_construction_sign","Come back soon!"
"popup_mission_content","Play our hit game Bubble Witch Saga. When you've played level 8 you'll get a full set of lives and a delicious Lollipop Hammer!"
"facebook_send_life_accepted_message","Here's a life! Good Luck!"
"booster_name_CandyHardCurrencyX30","30 gold bars"
"popup_friend_beaten_button_share","Share"
"popup_notification_central_life_request_message_multi","{0} and {1} other friends are out of lives!"
"booster_name_CandyHammer","Lollipop Hammer"
"preloader_loading_header","Making candy"
"booster_name_CandyHardCurrencyX29","29 gold bars"
"cutscene_cloud_introduction_girl_i_help","I can help you to get home!"
"booster_name_CandyCoconutLiquoriceFourteenPack","Coconut Wheel"
"cutscene_sweet_surprise_resolution_everybody_get","Get him!"
"booster_name_CandyHardCurrencyX40","40 gold bars"
"game_swipe_end_win_points","You reached {0} points!"
"cutscene_holiday_hut_introduction_girl_what_icant","What? I can't understand what you are saying!"
"booster_name_CandyExtraMovesPostGame","Extra Moves "
"tutorial_idColorBomb2","Mix it with any candy to remove all of that color!"
"tutorial_idColorBomb3","You can mix all sorts of special candies for surprising effects!"
"game_swipe_end_lose_message_reason_lights_b","Jellies cleared: {0}"
"game_swipe_end_lose_reason_ingredients_singular","You only need 1 more ingredient."
"popup_charms_single_message_CandyCharmOfExtraLife","This charm permanently increases your maximum lives from 5 to 8!"
"tutorial_owlModeUnbalanced","Careful! Odus is about to fall. Try to balance the Moon Scale."
"booster_name_CandyHardCurrencyX39","39 gold bars"
"popup_many_friends_passed_title","Friends passed"
"booster_name_CandyHardCurrencyX12","12 gold bars"
"midroll_get_rid_of_ads_message_opart2","to keep the game ad free for 30 days!"
"cutscene_robot_resolution_hurray","Awesome!"
"booster_name_CandyStripedWrappedNinePack","Striped & Wrapped"
"cutscene_sugaryshire_introduction_ram_oh","Oh! This is baaad! "
"booster_name_CandyHardCurrencyX10","10 gold bars"
"game_swipe_end_lose_header_reason_moves","No more possible switches!"
"preloader_loading_part3_message","Measuring sugar"
"booster_name_CandyStripedWrappedEighteenPack","Striped & Wrapped"
"cutscene_Octopus_introduction_Ihave_Bubblegum","Hmm... I have some bubblegum."
"popup_item_unlocked_purchase_amount_CandyCoconutLiquorice","3"
"popup_candy_bank_ingame_currency","Gold"
"popup_charms_single_open_shop_button","Go to shop"
"tooltip_switcher_button_world_default","Enter Dreamworld!"
"cutscene_holiday_hut_introduction_missgingerbread_mumble","Mumble mumble..."
"popup_charms_shop_box_message_CandyCoconutLiquoriceNinePack","Add powerful Coconut Wheels to the candy mix!"
"booster_description_tipster_CandyDoubleScores","Activate this booster at any time to add x2 bonus candies to the candy mix!"
"tooltip_switcher_button_world_parallel","Return to reality!"
"tooltip_popup_notification_central_information","Maximum life messages in message center is {0}.

You can send one message per type and friend per day.
 
Extra moves messages will help you or your friend on the specific level they were received on.

Messages received will only be active during this visit."
"booster_name_CandyHardCurrencyX25","25 gold bars"
"popup_booster_wheel_header","Daily Booster Wheel"
"booster_name_CandyHardCurrencyX20","20 gold bars"
"midroll_before_ad_message_please_watch","Please watch this message from our sponsor."
"tooltip_highscore_give_life","Send {0} a life for free!"
"popup_charms_shop_box_message_CandyExtraTimeFourteenPack","Start the game with {0} extra seconds play time!"
"booster_name_CandyHardCurrencyX19","19 gold bars"
"popup_collaboration_panel_button_buy","Unlock"
"popup_notification_central_unlock_request_message_2","{0} and {1} want to unlock the next episode!"
"booster_description_CandyCoconutLiquorice","Add Coconut Wheels to the candy mix!"
"popup_game_over_loss_your_score","Score"
"popup_champion_new_button_share","Share"
"popup_booster_wheel_description","Spin the wheel for free, once every day for a chance to win the Jackpot, a big box of sweets, containing 3 of each of the following: Lollipop Hammer, Color Bomb, Jelly Fish, Free Switch, Striped & Wrapped, Coconut Wheel and Lucky Candy. 
 
Happy Spinning!"
"tutorial_introduceBoosterCandySweetTeeth","Click here to release a pair of candy crunching teeth!"
"game_swipe_end_lose_header_reason_time","Out of time!"
"item_category_candyBooster","Booster"
"popup_friend_passed_message","Sweet! You passed {0}."
"popup_game_start_game_mode_drop_down","Collect all ingredients to complete the level!"
"popup_invite_show_all","Show more friends"
"tooltip_map_collaboration_button","Click to unlock next episode!"
"booster_description_tipster_CandyComboHelper","Get help to find the most powerful switches!"
"popup_charms_shop_info_message","Some Charms can be activated once per game, other Charms help you out in other ways. But all Charms are forever and you can use them over and over."
"cutscene_userepisode_resolution_cakelady_yay","Yay! Thank you! Now I can continue baking my Strawberry Fudge Shortcakes!"
"product_header_CandyUnlockLevel2Friends","Candy Crush Episode Unlock"
"cutscene_Octopus_resolution_Hurray_Bubblegum","Hurray for bubblegum!"
"cutscene_Pyramid_introduction_so_tired","I'm so tired, but I can't get into my pyramid."
"game_ingredients_list_header","Collect:"
"popup_champion_beaten_message","You dethroned {0} as champion of {1}!"
"cutscene_PolkaPalace_introduction_I_fix","I can help you with that wish!"
"popup_life_received_button_continue","Accept"
"champion_title_episode5","Lollipop Ranger"
"champion_title_episode4","Chocolate Mountaineer"
"tutorial_idExplainLightUp2","Match over the jelly to remove it. Start with these three!"
"champion_title_episode3","Lemonade Lord"
"champion_title_episode2","Candy Factory Master"
"champion_title_episode1","Mayor of Candy Town"
"tutorial_idExplainLightUp1","Remove all jelly to complete the level!"
"popup_booster_wheel_claim_price","Claim prize"
"popup_mission_accomplished_continue_button","Continue"
"champion_title_episode9","Minty Sultan"
"champion_title_episode8","Licorice Astronaut"
"champion_title_episode7","Troll Hunter"
"popup_hard_currency_formal_button","Claim Gold"
"booster_description_tipster_CandyExtraTime","Gives {0} extra seconds play time on Time levels!"
"champion_title_episode6","Chief Egg Layer"
"booster_description_CandyExtraMovesPostGame","Get 5 extra moves!"
"booster_description_CandyGiftPack1","Color Bomb and Jelly Fish"
"cutscene_jellyJungle_introduction_girl_dont_worry","Don't worry! I'll save you!"
"tooltip_lock_of_odus_saga_locked","You need to reach level {0} in the normal Candy world to unlock the next episode."
"booster_description_CandyGiftPack3","Color Bomb, Bomb Cooler, Striped & Wrapped and Sweet Teeth"
"booster_description_CandyGiftPack2","Color Bomb, Coconut Wheel and Free Switch"
"champion_is_you_tooltip","You are the champion of {0} with {1} episode stars!"
"popup_game_over_victory_title","Level {0} completed!"
"popup_error_alert_button_ok","ok!"
"popup_game_start_button_play","Play"
"game_swipe_end_lose_message_reason_ingredients","Collect ingredients"
"booster_name_CandyHardCurrencyX500","500 gold bars"
"tutorial_introduceCharmCandyCharmOfStripedCandy","Gives you a magic brush that can turn regular candies into striped candies!"
"facebook_episode_complete_share_description","Click here to come on in and celebrate with me!"
"booster_name_CandyColorBombNinePack","Color Bomb"
"tooltip_ingame_gui_dropdown_GA_DD_ingredient_2_icon","Collect cherries."
"popup_pwf_stuck_on_level","STUCK ON LEVEL {0}"
"cutscene_circus_introduction_stole_key","What to do?"
"cutscene_userepisode_introduction_cakelady_yes_and_i_cant","Yes, and I can't find my spoon in the dark!"
"product_package_purchase_confirmation_body","You now have an extra {0} of the items that are in that packet."
"cutscene_sleepyslopes_introduction_owl_maybe","Maybe someone should help you for a change?"
"game_swipe_end_offer_limited","Limited Offer"
"booster_name_CandyJokerNinePack","Lucky Candy"
"popup_buy_lives_button_ask_friends","Ask friends"
"popup_error_alert_message_header","An error was found, called:"
"cutscene_sweet_surprise_introduction_little_girl","Hoho, anybody here?"
"booster_name_CandyFreeSwitchNinePack","Free Switch"
"product_header_CandyFullLife","Candy Crush Saga Full Life"
"game_swipe_end_lose_reason_lights_singular","You only need 1 more jelly."
"booster_name_CandyYetiShopPack3LargeTest2","Lollipop Hammers"
"popup_notification_central_header","Your messages"
"booster_description_tipster_CandySwedishFish","Adds Jelly Fish to the candy mix, which clears three pieces of jelly when you match it!"
"booster_name_CandyHammerEighteenPack","Lollipop Hammer "
"popup_booster_wheel_share_jackpot_intro","Let your friends know that you’ve won the Jackpot!"
"product_header_CandyUnlockLevel1Friend","Candy Crush Episode Unlock"
"popup_candy_bank_buy_button","Buy"
"product_description_CandyUnlockLevel2Friends","Buy your way to the next episode."
"tooltip_popup_gamestart_target_player","You need at least {0} points to beat {1}!"
"cutscene_chocolate_barn_introduction_sad_cow","Yes, but I can't make chocolate milk! Nothing's growing..."
"popup_charms_shop_box_header_CandyCharmOfStripedCandy","Charm of Stripes"
"popup_buy_lives_button_ask_friends_xmission","Claim offer"
"tooltip_powerup_button_buy","Click to buy!"
"cutscene_yeti_resolution_mr_yeti","Mr Yeti...?"
"popup_charms_shop_box_message_CandyColorBombNinePack","Start the game with a Color Bomb!"
"booster_name_CandyGiftPack2","Sweet Gift Pack"
"booster_name_CandyGiftPack1","Popular Gift Pack"
"popup_game_over_victory_description","Click here to follow my progress!"
"booster_name_CandyGiftPack3","Best Value Gift Pack"
"facebook_saga_complete_share_description","There's a ton of new stuff coming to Candy Crush Saga real soon!"
"tutorial_introduceBoosterCandyStripedWrapped","Start your game with a striped and a wrapped candy on the board. Click to toggle on or off!"
"cutscene_polkapalooza_introduction_girl_whats_wrong","What's wrong Mr. Rockstar?"
"popup_notification_central_life_request_message","{0} is out of lives!"
"popup_notification_central_unlock_request_header_multi","Help your friends out"
"popup_invite_candy_friends","Candy Friends"
"popup_collaboration_panel_free_creditcard","A valid credit card or PayPal account is required to claim the offer."
"popup.like","Please like us to keep this sweet world alive!"
"game_swipe_end_lose_message_reason_a","You only need {0} more {1}."
"booster_name_CandyExtraTime","Extra Time"
"popup_item_unlocked_purchase_amount_CandyAntiPeppar","3"
"map_decoration_text_episode_name_episode9","Peppermint Palace"
"map_level_miniature_level","Level {0}"
"map_decoration_text_episode_name_episode1","Candy Town"
"map_decoration_text_episode_name_episode2","Candy Factory"
"map_decoration_text_episode_name_episode3","Lemonade Lake"
"map_decoration_text_episode_name_episode4","Chocolate Mountains"
"booster_info_bubble_recipe_title","Ingredients:"
"map_decoration_text_episode_name_episode5","Minty Meadow"
"map_decoration_text_episode_name_episode6","Easter Bunny Hills"
"map_decoration_text_episode_name_episode7","Bubblegum Bridge"
"map_decoration_text_episode_name_episode8","Salty Canyon"
"cutscene_button_next","NEXT"
"booster_name_CandyYetiShopPackSale","Big Sale"
"tutorial_introduceBoosterCandyColorBomb","Start your game with a Color Bomb on the board. Click to toggle on or off!"
"tooltip_ingame_gui_order_13","Switch Color Bombs with other Color Bombs."
"game_swipe_end_win_message","Level completed!"
"booster_description_tipster_CandyCharmOfFrozenTime","Buy this to make the time stand still during time levels!"
"popup_pay_with_mobile_description","This is the minimum carrier price point, the remainder will be added to your Candy Bank."
"popup_mission_content_ccs_5","1. Search for Candy Crush Saga in the AppStore and Google Play with your mobile device.     "
"popup_mission_content_ccs_1","Connect with your mobile device and get:"
"popup_shop_gifts_header","Send gifts to friends!"
"cutscene_crunchy_castle_resolution_vampire_dancing","Oh yeah! Do the monster boogie!"
"facebook_friend_passed_share_name","Hey, you're falling behind! I just completed level {0}!"
"cutscene_circus_introduction_no_candyfloss","We're out of cotton candy! The children will be really disappointed!"
"booster_description_CandyYetiShopPack3","6 Free Switches and 6 Lollipop Hammers"
"popup_hard_currency_formal_description","Gold Bars can be used to buy moves, lives and boosters. If you run out, top them up at the Candy Bank."
"booster_description_tipster_CandySweetTeeth","These are teeth that gladly chew candy. Especially chocolate, licorice and marmalade!"
"popup_booster_received_message_multi","You got {0} from {1} and {2} other friends!"
"map_decoration_text_episode_name_episode22","Savory Shores"
"map_decoration_text_episode_name_episode27","Licorice Tower"
"cutscene_delicious_drifts_introduction_sad_polarbear","My Jelly Fish is frozen solid in this ice cube!"
"popup_select_country_title","Please select your country!"
"popup_game_over_fail_reason_lights_unlit","Out of moves! You failed 
to remove all the jelly!"
"popup_hard_currency_funny_description","Gold Bars can be used to buy moves, lives and boosters. If you run out, top them up at the Candy Bank."
"cutscene_sodaswamp_introduction_girl_howdy","Howdy Mr Snappy! Gosh, whatcha doin?"
"booster_name_CandyYetiShopPack3","Lollipop Hammers"
"booster_name_CandyYetiShopPack1","Bombalicious Fishes"
"popup_mission_accomplished_content_ccs","As a reward for installing Candy Crush Saga's mobile App, we're giving you 1 Lollipop Hammer and 1 Color Bomb!"
"booster_description_CandyYetiShopPackSale","3 Color Bombs, 3 Lollipop Hammers, 3 Jelly Fish and 3 Free Switches"
"popup_life_received_title","You got a gift!"
"booster_description_CandyYetiShopPack5Offer","3 Bomb Coolers, 3 Color Bombs, 3 Lollipop Hammers, 3 Striped & Wrapped and 3 Sweet Teeth"
"popup_welcome_description","The sweetest game ever!"
"booster_description_CandyStripedWrapped","Start the level with a Striped & Wrapped Candy!"
"booster_description_CandySweetTeeth","Gobbles up all the chocolate, licorice and jelly in its path!"
"social_share_invite_title","Invite your friends!"
"tutorial_popCharmShop","Here you can buy really awesome boosters!"
"cutscene_jellyJungle_introduction_dino_no_place","I've got no place to hide, and that monster wants to eat me!"
"map_decoration_text_episode_name_episode1210","Sparkle Submarino"
"facebook_episode_complete_share_name","I just completed episode {0}! Happy days! "
"map_decoration_text_episode_name_episode1209","Bonbon Baths"
"cutscene_liquoriceTower_introduction_girl_dont_worry","Don't worry! I will investigate!"
"popup_no_more_lives_message","You are out of lives! Refill by asking your friends, or buy more lives with Gold Bars."
"cutscene_Pyramid_resolution_finally_rest","Thank you!
Now I can finally get some rest!"
"facebook_send_life_scorelist_title","Give a life to your friend! It's free!
"
"popup_game_over_fail_reason_uncollected_ingredients","Out of moves! 
You did not collect all the ingredients!"
"tooltip_topnav_lifecounter_max","You have a full set of lives."
"booster_name_CandyQuantifiedHardCurrency","gold bars"
"cutscene_sodaswamp_introduction_croc_shoot","Aw shoot! "
"cutscene_dragon_resolution_hurray_lemonade","Hurray! Three cheers for the lemonade!"
"popup_select_country_drop_down","Country"
"game_swipe_intro_mode_classic_header","Get {0} points
in {1} seconds!"
"popup_game_start_game_mode_light_up_score","Clear all the jelly and get {0} points to complete the level!"
"cutscene_PolkaPalace_resolution_Thank_you","Thank you for saving my precious Peppermint Palace!"
"cutscene_userepisode_introduction_girl_hi_mrs_baker","Hi, Miss Baker! Are you here? It's so dark!"
"cutscene_soursalong_introduction_phantom_no","NO! My organ sounds so corny! I'm never going out again!"
"game_swipe_intro_mode_drop_down_header","Collect all the ingredients."
"popup_life_received_accept_send_message","Do you want to send a life back?"
"cutscene_caramel_cove_introduction_angry_volcano","Help! The volcano is angry! We're drowning in fudge!"
"cutscene_soursalong_introduction_phantom_this_is_no","This groove just isn't right!"
"booster_info_bubble_label_top_seller","Top
Seller"
"tooltip_topnav_lifecounter","Wait to gain more lives for free, or click the button to request lives from friends or the shop."
"booster_description_tipster_CandyStripedWrapped","Provides you with a Wrapped and a Striped Candy on the board from the start!"
"popup_charms_shop_box_message_CandyGiftPack3","Contains 4 boosters: Color Bomb, Bomb Cooler, Striped & Wrapped Candy, plus some chomping Sweet Teeth."
"charm_panel_icon_already_bought","You already have {0}!"
"cutscene_soursalong_introduction_girl_excuse_me","Excuse me, mister? Are you OK?"
"ingame_ui_sign_moves_left","moves:"
"popup_episode_complete_header","Episode {0} is completed!"
"facebook_send_booster_gift_message","Here's a {0} booster! Have a great day!"
"popup_candy_bank_desc","This is where you buy Gold Bars, the in-game currency for Candy Crush Saga."
"cutscene_delicious_drifts_introduction_little_girl","Why so down, Mr Bear?"
"facebook_send_life_scorelist_message","Here's a life! Have a great day!"
"tutorial_introduceCharmCandyCharmOfFrozenTime","Keep this charm activated to make time stand still while you're planning your moves!"
"tutorial_idOrderMode1","Collect all orders by removing the wanted items!"
"tutorial_idColorBomb1","Match 5 candies to create another special candy!"
"facebook_send_lives_accepted_title","Send lives to your friends! It's free!"
"booster_description_tipster_CandyFreeSwitch","Switch any two candies without losing moves!"
"popup_hard_currency_formal_subtitle","You have received free Gold."
"facebook_send_life_accepted_title","Send a life! It's free!"
"popup_no_more_lives_message_xmission","You're out of lives! Look at our sweet offer and get free lives, or use your gold to buy some more."
"cutscene_liquoriceTower_introduction_guard_the_candy","The Candy Jewels are gone! I can't find them!"
"popup_booster_received_message","You got {0} from {1}!"
"cutscene_soursalong_introduction_girl_dont","Don't worry! I'll turn this into a swell jam!"
"popup_collaboration_panel_message","You need help from your friends to get a ticket! Ask as many as you can, or get instant access for {0} Gold Bars!"
"daily_bonus_popup_description","Celebrate King's new look with a free Candy Crush booster every day this week!"
"popup_booster_received_message_2","You got {0} from {1} and {2}!"
"tooltip_ingame_gui_order_12","Switch Striped Candies with Color Bombs."
"tooltip_topnav_hardcurrency","Buy Gold Bars for your saga journey!"
"tooltip_ingame_gui_order_11","Switch Striped Candies with Wrapped Candies."
"tooltip_ingame_gui_order_10","Switch Striped Candies with other Striped Candies."
"tooltip_ingame_gui_order_15","Switch Wrapped Candies with other Wrapped Candies."
"tooltip_ingame_gui_order_14","Switch Wrapped Candies with Color Bombs."
"booster_name_CandyHardCurrencyX250Case2.header","250 gold bars"
"booster_name_CandyHardCurrencyX250Case1.header","250 gold bars"
"booster_name_CandyHardCurrencyX1000Case2.header","1000 gold bars"
"booster_name_CandyHardCurrencyX500Case1.header","500 gold bars"
"booster_name_CandyHardCurrencyX1000Case1.header","1000 gold bars"
"booster_name_CandyHardCurrencyX500Case2.header","500 gold bars"
"booster_name_CandyHardCurrencyX500Case2","500 gold bars"
"booster_name_CandyHardCurrencyX500Case1","500 gold bars"
"booster_name_CandyHardCurrencyX250Case2","250 gold bars"
"booster_name_CandyHardCurrencyX250Case1","250 gold bars"
"booster_name_CandyHardCurrencyX1000Case2","1000 gold bars"
"booster_name_CandyHardCurrencyX1000Case1","1000 gold bars"
"tutorial_introduceBoosterCandyMoonStruck","Click here to set off Moonstruck!"
"map_decoration_text_episode_name_episode1211","Cookie Cabana"
"map_decoration_text_episode_name_episode1212","Dizzy Dessert"
"booster_description_CandyMoonStruck","Release the Moonstruck effect and it removes at least one candy color for 5 moves."
"bank_light_pop_title","Get missing gold bars"
"booster_name_CandyMoonStruck","Moonstruck"
"champion_title_episode37","Donut Doctor"
"cutscene_stickysavanna_introduction_giraffe_sob_my_spots","I can't believe it... my life is over!"
"cutscene_stickysavanna_introduction_girl_whats_the_matter","What's the matter?"
"cutscene_stickysavanna_introduction_giraffe_spots_fallen_off","My beautiful spots have fallen off!"
"cutscene_stickysavanna_resolution_giraffe_thanks_I_think","Oh... uh... thank you, I think?"
"map_decoration_text_episode_name_episode1213","Cotton Carnival"
"map_decoration_text_episode_name_episode37","Sticky Savannah"
"popup_life_with_purchase_title","Live Forever!"
"popup_life_with_purchase_description","Or...for a limited time only: With each purchase you get at least 2 full hours of unlimited lives to get into the candy zone. 
 
 {0} days left"
"popup_life_with_purchase_subtitle","*Unlimited lives for 24 hours maximum"
"booster_description_CandyAntiPeppar_detailed","Click to increase the countdown of all visible bombs. It'll keep you alive for longer!"
"booster_description_CandyAntiPepparPostGame_detailed","You're so close! Increase the countdown of all bombs by 5 now!"
"booster_description_CandyBubbleGum_detailed","Unleash the Bubblegum Troll to remove all the chocolate and put a stop to the pesky chocolate spawners for 5 moves!"
"booster_description_CandyCoconutLiquorice_detailed","Add Coconut Wheels to the candy mix. Activate to roll over 3 candies and change them into Striped Candy!"
"booster_description_CandyColorBomb_detailed","Start a level with a Color Bomb in the mix. Combine it with another candy type to clear those candies fast!!"
"booster_description_CandyExtraMoves_detailed","Get 5 extra moves!"
"booster_description_CandyExtraMovesPostGame_detailed","Don't give up! Get 5 extra moves now!!"
"booster_description_CandyExtraMovesVariable_detailed","Start the level with 3 extra moves!"
"booster_description_CandyExtraTimePostGame_detailed","You're so close! Add an extra {0} seconds now!!"
"booster_description_CandyExtraTime_detailed","Start the game with {0} bonus seconds!"
"booster_description_CandyFreeSwitch_detailed","Don't miss that epic Candy Crush! Switch two candies that don't match and make impossible moves come true!"
"booster_description_CandyHammer_detailed","Smash items on the board that are giving you a hard time. Revenge is sweet!"
"booster_description_CandyJoker_detailed","Add Lucky Candy to the candy mix, which will transform into useful candy when removed!"
"booster_description_CandyShuffle_detailed","No good moves to make? Shuffle things up with this booster!"
"booster_description_CandyStripedWrapped_detailed","Start the game with a Wrapped candy to blow up surrounding candies, and a Striped Candy to clear a whole line of candies!"
"booster_description_CandySwedishFish_detailed","Add Jelly Fish to the candy mix. Clears 3 pieces of any candy, but they like jelly best!"
"booster_description_CandySweetTeeth_detailed","Gobbles up all the candy in its path, but its favorites are chocolate, licorice and jelly.!"
"popup_candy_bank_lite_title","Buy missing 
Gold Bars"
"champion_title_episode38","Whacky Warlock"
"cutscene_jellywagon_introduction_Franky_magical_words","Jelly-ja-joob, candy appear!"
"cutscene_jellywagon_introduction_Franky_oh_dear","I never should have made it dissapear! "
"cutscene_jellywagon_introduction_girl_what_has_your_cape_a_flutter","What has your cape in a flutter Mr.Magician?"
"cutscene_jellywagon_introduction_Franky_made_candy_dissapear","I made my candy disappear. I'm trying to make them re-appear..."
"cutscene_jellywagon_introduction_Franky_all_I_get_are_veggies","But all I get are vegetables and fruit!"
"cutscene_jellywagon_resolution_girl_allow_me","Allow me!"
"cutscene_jellywagon_resolution_Franky_masterfully_done","Masterfully done young lady!"
"map_decoration_text_episode_name_episode1214","Tiki Fiesta"
"map_decoration_text_episode_name_episode38","Jelly Wagon"
"popup_booster_help_received_message_2","You got help from {1} and {2} for level {3}!"
"popup_booster_help_received_message_multi","You got help from {1} and {2} other friends for level {3}!"
"popup_booster_help_received_message","You got help from {1} for level {2}!"
"booster_description_CandyMoonStruck_detailed","Don't risk tipping Odus! Zap the candies with the Moonstruck effect and remove at least one candy color for 5 moves."
"map_decoration_text_episode_name_episode1215","Sweet Dreams"
"tooltip_powerup_pregame_button_activate","Use now or uncheck to use later."
"popup_spring_promo_title","Spring Sale!"
"popup_spring_promo_message","It's the Spring Sale in Candy Crush, get your special package now!"
"popup_spring_promo_day_left","Only {0} day left"
"popup_spring_promo_days_left","Only {0} days left"
"popup_spring_promo_button_label","Show offers"
"popup_candy_bank_tab_bank","Bank"
"popup_candy_bank_tab_seasonal","Spring
Sale!"
"popup_candy_bank_title_seasonal","Big Spring Sale!"
"booster_name_CandyHardCurrencyPromoX100","100 Gold Bars"
"booster_name_CandyHardCurrencyPromoX500","500 Gold Bars"
"booster_name_CandyHardCurrencyPromoX100.header","100 Gold Bars"
"booster_name_CandyHardCurrencyPromoX500.header","500 Gold Bars"
"champion_title_episode39","Bubblegum Buster"
"cutscene_biscuitbungalow_introduction_gumtroll_huff"," I'll huff, and I'll puff!"
"cutscene_biscuitbungalow_introduction_pig_no","No! My beautiful house!"
"cutscene_biscuitbungalow_introduction_girl_hi","Hi Mr.Piggy! What happened?"
"cutscene_biscuitbungalow_introduction_pig_that","That ruffian covered my house with gum!"
"cutscene_biscuitbungalow_introduction_girl_dont","Don't you worry. I know how to fix this!"
"cutscene_biscuitbungalow_resolution_pig_wow","Wow! That's great! Thanks little girl!"
"map_decoration_text_episode_name_episode39","Biscuit Bungalow"
"popup_collaboration_panel_collab_description","The Tooth Fairy will unlock the next episode in:"
"popup_collaboration_panel_collab_time","{0} hours"
"popup_candy_bank_pane_recommended","Recommended"
"map_decoration_text_episode_name_episode1216","Sleepy Sunrise"
"map_decoration_text_episode_name_episode1217","Funny Farm"
"map_decoration_text_episode_name_episode40","Gummy Gardens"
"popup_collaboration_panel_toothfairy_description","Time left until the Toothfairy unlocks it:"
"popup_collaboration_panel_toothfairy_hours_left_singular","1 hour"
"popup_collaboration_panel_toothfairy_hours_left_plural","{0} hours"
"popup_collaboration_panel_toothfairy_minutes_left_singular","1 minute"
"popup_collaboration_panel_toothfairy_minutes_left_plural","{0} minutes"
"champion_title_episode40","Balloon Botanist"
"cutscene_gummygardens_introduction_Snail_panting","*Pant* *pant*"
"cutscene_gummygardens_introduction_girl_what_is_wrong","Hi Mr Snail! What’s wrong?"
"cutscene_gummygardens_introduction_Snail_late_to_date","I won’t make it to the green house in time for my date!"
"cutscene_gummygardens_resolution_girl_just_a_second","Just a second!"
"cutscene_gummygardens_resolution_Snail_brilliant","Brilliant! Thanks little girl!"
"popup_collaboration_panel_unlock_button","Unlock now!"
"booster_description_MoonstruckPostGame_detailed","Now's your chance to reset the Moon Scale and freeze it for 5 moves!"
"booster_name_CandyHardCurrencyX150Discounted.header","150 Gold Bars"
"booster_name_CandyHardCurrencyX150Discounted","150 Gold Bars"
"booster_name_CandyHardCurrencyX200Discounted.header","200 Gold Bars"
"booster_name_CandyHardCurrencyX200Discounted","200 Gold Bars"
"map_decoration_text_episode_name_episode1218","Marshmallow Madness"
"booster_name_CandyHardCurrencyX9ABPricingTestCase1","9 Gold Bars"
"booster_name_CandyHardCurrencyX45ABPricingTestCase1","45 Gold Bars"
"booster_name_CandyHardCurrencyX100ABPricingTestCase1","100 Gold bars"
"booster_name_CandyHardCurrencyX150ABPricingTestCase1","150 Gold bars"
"booster_name_CandyHardCurrencyX200ABPricingTestCase1","200 Gold Bars"
"booster_name_CandyHardCurrencyX250ABPricingTestCase1","250 Gold Bars"
"booster_name_CandyHardCurrencyX500ABPricingTestCase1","500 Gold Bars"
"map_decoration_text_episode_name_episode1219","Blooming Bakery"
"booster_name_CandyHardCurrencyX1000ABPricingTestCase1","1000 Gold Bars"
"popup_collaboration_panel_toothfairy_refresh","Click \"{0}\" to refresh the page and get your unlock ticket!"
"cutscene_waferwindmill_introduction_dutch_where","Where is it? "
"cutscene_waferwindmill_introduction_girl_hi","Hi there! Looking for something?"
"cutscene_waferwindmill_introduction_dutch_yes","Yes! I lost my wafer! Soon I’ll eat the windmill!"
"cutscene_waferwindmill_introduction_girl_hold_on","Hold on! I’ll find it for you!"
"cutscene_waferwindmill_resolution_dutch_terrific","Terrific! Thank’s a lot!"
"popup_notification_central_send_lives_header","Send lives to your friends"
"popup_notification_central_send_lives_description","Help your friends by sending them lives!"
"map_decoration_text_episode_name_episode41","Wafer Windmill"
"champion_title_episode41","Wafer Vagabond"
"map_decoration_text_episode_name_episode1221","Jurassic Jaws"
"map_decoration_text_episode_name_episode1220","Funky Fortress"
"map_decoration_text_episode_name_episode1222","Coral Corral"
"popup_candy_bank_title_starter_packs","Starter Pack!"
"popup_candy_bank_tab_starter_packs","Starter pack"
"popup_candy_bank_description_amount_starter_pack","{0} gold bars"
"popup_life_with_purchase_description_first_part","Or...for a limited time only: With each purchase you get at least 2 full hours of unlimited lives to get into the candy zone.

{0}"
"popup_life_with_purchase_description_sec_part_hours","{0} hours left"
"popup_life_with_purchase_description_sec_part_minutes","{0} minutes left"
"popup_candy_bank_original_price_starter_pack","Original price: {0}"
"popup_candy_bank_pitch_text_starter_pack","only:"
"map_decoration_text_episode_name_episode1223","Zany Ziggurat"
"popup_purchase_confirm_button","Confirm"
"popup_purchase_confirm_bought","You have bought {0} gold bars."
"popup_purchase_fail_purchase_failed","Purchase failed."
"popup_purchase_fail_no_money_taken","No money has been drawn from you account."
"popup_candy_bank_redeem_button","Redeem game cards"
"popup_life_with_purchase_description_sec_part_minute","{0} minute left"
"CandyHardCurrencyX9FBGiftCard","9 Gold Bars"
"CandyHardCurrencyX45FBGiftCard","45 Gold Bars"
"CandyHardCurrencyX100FBGiftCard","100 Gold Bars"
"CandyHardCurrencyX150FBGiftCard","150 Gold Bars"
"CandyHardCurrencyX200FBGiftCard","200 Gold Bars"
"CandyHardCurrencyX250FBGiftCard","250 Gold Bars"
"CandyHardCurrencyX500FBGiftCard","500 Gold Bars"
"CandyStarterPack50WithBoosters","Starter Pack"
"CandyStarterPack100","Starter Pack"
"map_decoration_text_episode_name_episode1224","Moonshot Molars"
"cutscene_cerealsea_introduction_dexter_cant_move","Boohoo! Someone help me! "
"cutscene_cerealsea_introduction_girl_hi_there","Hi there! What’s the matter?"
"cutscene_cerealsea_introduction_dexter_sea_clogged","The sea is clogged up with trash, I can’t move!"
"cutscene_cerealsea_resolution_girl_dont_fret","Don’t fret, I’ll take care of this!"
"cutscene_cerealsea_resolution_dexter_whee","Whee! I'm free again!"
"champion_title_episode42","Milky Marine"
"map_decoration_text_episode_name_episode42","Cereal Sea"
"episode_42_description","Free Dexter the whale from the cereal blockade."
"episode_42_title","Cereal Sea"
"life_with_purchase_tooltip","Get {0} hours unlimited lives with this purchase"
"share_popup_message","Add message (optional)"
"cutscene_taffytropics_introduction_monkey_moan","Ouuuu!"
"cutscene_taffytropics_introduction_girl_rumbling","What’s that rumbling?"
"cutscene_taffytropics_introduction_monkey_tummy","It’s my tummy, I can’t get to the bananas!"
"cutscene_taffytropics_resolution_monkey_flute","Mad flute skills, thank you!"
"map_decoration_text_episode_name_episode43","Taffy Tropics"
"champion_title_episode43","Taffy Tamer"
"frog_jump_mode_description_m","Pick my landing square. I'm about to smash some candy!"
"map_decoration_text_episode_name_episode1227","Fanciful Fort"
"popup_purchase_confirm_header","Purchase Complete"
"popup_life_with_purchase_description_unlimited","With each purchase you get at least 2 full hours of unlimited lives to get into the candy zone."
"map_decoration_text_episode_name_episode1225","Bonkers Bakery"
"candy_crush_saga","Candy Crush Saga"
"frog_tutorial_1","Match candies to feed the Candy Frog!"
"frog_tutorial_2","The Candy Frog will help you when it's full."
"frog_tutorial_3","Keep feeding the Candy Frog!"
"tooltip_topnav_lifeHeart_unlimited","You have unlimited lives."
"tooltip_topnav_lifecounter_unlimited","You have unlimited lives. Play all you want before the time expires."
"map_decoration_text_episode_name_episode1226","Candy Kaiju"
"frog_tutorial_4","The Candy Frog is full, just tap it!"
"popup_collaboration_panel_buy_out_desc","Get instant access to the next episode."
"popup_collaboration_panel_golden_ticket_desc","... or use a Golden Ticket"
"popup_collaboration_panel_golden_ticket_button","Golden Ticket?!"
"popup_golden_ticket_title","Golden Ticket!"
"popup_golden_ticket_desc","No more waiting! This ticket instantly unlocks all available episodes, forever."
"popup_golden_ticket_offer_end_message","Offer ends in: {0}"
"booster_name_CandyCharmOfGoldenTicket","Golden Ticket"
"map_decoration_text_episode_name_episode45","Fizzy Falls"
"champion_title_episode45","Star Catcher"
"champion_title_episode44","Raging Royalty"
"map_decoration_text_episode_name_episode44","Glazed Grove"
"map_decoration_text_episode_name_episode46","Crunchy Courtyard"
"champion_title_episode46","Nutty Knight"
"map_decoration_text_episode_name_episode47","Choco Rio Grande"
"champion_title_episode47","Munchy Mole"
"map_decoration_text_episode_name_episode48","Toffee Tower"
"champion_title_episode48","Clockwork King"
"sale_tag","Sale"
"map_decoration_text_episode_name_episode1229","Bubbly Bog"
"map_decoration_text_episode_name_episode1228","Rambunctious Riffs"
"bank_ad_tiltle1_m","Mega Candy Starter Pack!"
"share_popup_button","Add message"
"champion_title_episode51","Marmalord"
"map_decoration_text_episode_name_episode51","Marmalade Meadow"
"booster_resell_title","{0} sale"
"booster_resell_offer_time","Offer ends in: {0} min"
"offer_tag","Offer"
"map_decoration_text_episode_name_episode1230","Jiggly Gym"
"map_decoration_text_episode_name_episode49","Boneyard Bonanza"
"champion_title_episode49","Candy Conjurer"
"map_decoration_text_episode_name_episode50","Marshmallow Mountains"
"champion_title_episode50","Bubblegum Billy"
"map_decoration_text_episode_name_episode1231","Starlight Station"
"facebook_friend_beaten_opengraph_message","I beat your score in Candy Crush Saga. Hope you're not too sour about it!"
"sodapromo_hud_1_day_left","1 Day Left"
"sodapromo_hud_x_days_left","{0} Days Left"
"sodapromo_hud_bubble_tip1","What's this? A new game!"
"sodapromo_hud_bubble_tip2","Sweet! Play this new game!"
"sodapromo_hud_bubble_tip3","Pssst... Here's a secret new game!"
"sodapromo_popup_title","New Game!"
"sodapromo_popup_desc","Stay up to date and get 3 Lollipop Hammers NOW!"
"sodapromo_popup_placeholder","Enter Your Email"
"sodapromo_popup_send","Send"
"sodapromo_popup_thanks","Thanks! Have fun with your Lollipop Hammers!"
"sodapromo_popup_comingsoon","Coming Soon!"
"generic_server_error_title_m","Server Error!"
"generic_server_error_description_m","The server could not be contacted..."
"generic_email_error_title_m","Email Error!"
"generic_email_error_description_m","The email could not be sent..."
"generic_email_invalid_title_m","Invalid Email!"
"generic_email_invalid_description_m","The email is not a valid one!"
"booster_wheel_server_error_description_m","The server could not be contacted. Try again later or restart the app!"
"champion_title_episode54","Peppermint Pillager"
"map_decoration_text_episode_name_episode54","Fudge Fjord"
"champion_title_episode52","Dr. Bubblestein"
"map_decoration_text_episode_name_episode52","Chewy Citadel"
"tooltip_soda_promo_portal","Discover a sodalicious new adventure in the Candy Kingdom!"
"was_price","Was {0}."
"you_save","You save {0}."
"cutscene_soda_synergy_tiffi","Hi! Here is 10 free Gold Bars, have fun!"
"cutscene_soda_synergy_kimmi1","Wait!"
"cutscene_soda_synergy_kimmi2","Have some sweets as well!"
"cutscene_soda_synergy_both","Thanks for playing the sweetest games!"
"popup_booster_wheel_paid_description","Get up to {0} Gold Bars! Get three stars in a row to collect your shiny golden prize.
"
"popup_booster_wheel_paid_legal","Each turn of the wheel is a new chance to win. If you miss the star field on the second or third try, you will collect your earnings and the prize ladder will go back to the first step."
"no_more_lives_popup_soda_title","Continue Playing!"
"no_more_lives_popup_soda_description","Pop over to Candy Crush Soda Saga for more candy swapping fun!"
"map_decoration_text_episode_name_episode1233","Extraordinary Estate"
"map_decoration_text_episode_name_episode1232","Snoozy Slopes"
"map_decoration_text_episode_name_episode1235","Gelato Grotto"
"map_decoration_text_episode_name_episode1234","Sprinkle Springs"
"no_more_live_popup_soda_title","Continue Playing!"
"no_more_live_popup_soda_description","Pop over to Candy Crush Soda Saga for more candy swapping fun!"
"CCS_welc_d01_a","[username], Get Your Sugar Crush On!"
"CCS_welc_d01_b","[username], Welcome to a Sweet New World!"
"CCS_welc_d07_a","SHHH! You didn’t get these sweet tips from us [username] ;)"
"CCS_welc_d07_b","Need help on tricky levels? Check out these tips & tricks! "
"CCS_welc_d16_a","[username]: Invite + Friends = Extra Lives!"
"CCS_welc_d16_b","[username], invite your friends, they can get you lives! "
"CCS_welc_d21_a","You’re not alone... Candy Fans Unite!"
"CCS_welc_d21_b","Want the Sweetest Updates [username]? Like our Fan Page!"
"CCS_miss_you_a","[username], Sugar Crush Craving?"
"CCS_miss_you_b","[username], show your friends you’ve still got it!"
"popup_halloween_card_title","Send a Spooky Surprise!"
"popup_halloween_card_description","Greet your friends with a deliciously spooky card to celebrate Halloween."
"tooltip_soda_promo_button","Sign up to experience our next delicious game as soon as it is released!"
"champion_title_episode53","Eggnog Empress"
"map_decoration_text_episode_name_episode53","Eggnog Emporium"
"sodapromo_hud_countdown","{0} : {1} : {2}"
"facebook_halloween_card_share_prompt","Happy Halloween, {0}!"
"facebook_halloween_card_share_description","Click on the image and celebrate with me!"
"facebook_halloween_card_share_name","Celebrate Halloween with some sweet and deliciously spooky candies."
"map_decoration_text_episode_name_episode1236","Sweet Beat"
"preloader_tips_fish","Swedish Fish eat 3 pieces of any candy but jelly is its favorite."
"preloader_tips_wrapped","Wrapped candy blow up surrounding candies with a sugary blast!"
"preloader_tips_striped","Striped Candy clears a whole line of candies when matched. "
"preloader_tips_lucky","Match Lucky Candies to reveal exactly the candy you need!"
"preloader_tips_hammer","Lollipop Hammers will smash any item on the board that gives you a hard time."
"preloader_tips_switch","Free Switch can swap two candies that don’t match!"
"preloader_tips_teeth","Sweet Teeth’s favorite candies are chocolate, licorice and jelly."
"preloader_tips_troll","The Bubblegum Troll can halt the Chocolate Spawners for 5 moves!"
"preloader_tips_chocolate","Chocolate multiplying is only a nightmare in Candy Crush!"
"preloader_tips_pepperbomb","Remove Candy Bombs before they hit 0!"
"preloader_tips_spawner","Chocolate Spawners create Chocolate out of thin air! Where can I buy one?"
"preloader_tips_marmelade","Marmalade covers candies. It's easy to remove but you might get sticky!"
"preloader_tips_cake","Destroy a Cake Bomb for a divine explosion!"
"preloader_tips_icing","Icing can come in many layers. Be prepared for deliciousness!"
"preloader_tips_troll_2","The Bubblegum Troll knows everything about the Candy Kingdom."
"preloader_tips_toffee","Mr. Toffee adopted Tiffi and Kimmy"
"preloader_tips_odus","Odus carries Tiffi off to Dreamworld whenever she falls asleep!"
"preloader_tips_fish_2","Tiffi eats 500 Swedish Fish a day because it’s good for her joints. "
"preloader_tips_yeti","The Yeti bathes in a big bath of soda, five times a day."
"preloader_tips_toffee_2","Mr. Toffee’s favorite candy is actually jelly, not toffee!"
"preloader_tips_minty","When Minty eats too much candy, his take-off is a bit slow."
"preloader_tips_troll_3","The Bubblegum Troll is mischievous, be ready for anything!"
"preloader_tips_dreamworld","Access Dreamworld by completing Level 50!"
"preloader_tips_dreamworld_2","Go far in Reality to access even more levels in Dreamworld."
"preloader_tips_dreamworld_3","Tiffi’s slumbers unlock a whole new Dreamworld of fun! "
"preloader_tips_dreamworld_4","In Dreamworld, don’t let Odus tip over! It ruffles his feathers. "
"preloader_tips_soda","Tiffi regularly sends home messages-in-a-bottle to recount her adventures."
"preloader_tips_soda_2","The Candy Kingdom is one of the vastest lands known to man."
"preloader_tips_soda_3","A giant Candy Factory has produced every piece of candy in the Candy Kingdom!"
"preloader_tips_friends","Unlocking new episodes is faster when you play with friends."
"preloader_tips_friends_2","Friends can help you pass blocks, get more lives and encourage your progress."
"preloader_tips_striped_2","Match a Striped Candy and a Color Bomb and get a lot of striped candies."
"preloader_tips_wrapped_2","Match 2 wrapped candies to create a 5X5 candy blast!"
"preloader_tips_colorbomb","Try matching each type of candy with a Color bomb for sweet combos."
"preloader_tips_time","Look for extra time candies to maximize your play in timed levels."
"preloader_tips_mystery","Mystery candy can be good or bad, but it is always fun to find out."
"preloader_tips_chameleon","The Chameleon Candy is sneaky. It changes candy color with each turn."
"preloader_tips_wrapped_3","Wrapped Candy creates a delicious explosion when activated."
"preloader_tips_fish_3","Swedish Fish can eat any candy, but difficult candies are their favorite."
"preloader_tips_coconut_2","Coconut Wheels roll over candies in a line, and make the first 3 they roll over striped."
"preloader_tips_striped_3","The direction of the stripes on a striped candy shows which direction it will go."
"preloader_tips_wrapped_4","Form a Wrapped Candy by matching candies in a T or L shape."
"preloader_tips_striped_4","Form a Striped Candy by matching 4 candies in a row."
"map_decoration_text_episode_name_episode1237","Surreal Safari"
"popup_generic_time_left","Time left: {0}"
"popup_generic_hours_unlimited_life","{0}h Unlimited Lives"
"popup_candy_bank_tab_holiday","Holiday Sale"
"champion_title_episode55","Courageous Caterpillar"
"map_decoration_text_episode_name_episode55","Caramel Clearing"
"popup_holiday_promo_message","It's the Holiday Sale in Candy Crush, get your special package now!"
"popup_holiday_promo_title","Holiday Sale!"
"popup_xmas_card_gift_title","Send a holiday greeting!"
"popup_xmas_card_gift_description","Hohoho! You can send a holiday card with a gift to a friend."
"popup_xmas_card_need_select_gift","You need to select a gift with this card."
"popup_xmas_card_gift_remove","Remove"
"popup_xmas_card_small_gift","Small gift"
"popup_xmas_card_medium_gift","Medium gift"
"popup_xmas_card_large_gift","Large gift"
"popup_card_receiver_title","Wow, you got a card!"
"popup_card_receiver_message","Send a greeting to a friend?"
"popup_xmas_send_cards","Send cards"
"kingdom_button_my_profile","My profile"
"kingdom_button_my_profile_tooltip","This is where you can see your achievements and progress!"
"facebook_xmas_card_share_description_gift","{0} sent you a holiday gift. Click on the image to find out what!"
"popup_generic_button_label_show_offer","Show offer"
"champion_title_episode56","Candy Clodhopper"
"map_decoration_text_episode_name_episode56","Candy Calaboose"
"popup_progress_restored_header_m","Progress restored"
"popup_progress_restored_message_m","Your progress has been restored!"
"map_decoration_text_episode_name_episode1238","Charming Carnival"
"champion_title_episode57","Private Ice Cream"
"map_decoration_text_episode_name_episode57","Nougat Noir"
"valentine_offer_title","Treat Yourself!"
"popup_candy_bank_tab_valentine","Valentine Pack"
"popup_valentine_promo_message","Have a sweet Valentine’s!"
"valentine_campaign_info_button_tooltip","Crush 1000 red candies and get a reward!"
"valentine_campaign_info_popup_title","Crush and get!"
"valentine_campaign_popup_description","Crush 1000 red candies in 24 hours to get 10 Gold Bars and one Lollipop Hammer"
"valentine_campaign_info_popup_crush_red","Crush red!"
"valentine_campaign_info_popup_get_reward","Get reward!"
"valentine_campaign_popup_percent_done","{0} done"
"valentine_campaign_info_popup_sweet","Sweet!"
"valentine_campaign_reward_popup_title","You did it!"
"valentine_campaign_reward_popup_description","Good going with crushing 1000 red candies. Claim your reward of 10 Gold Bars and one Lollipop Hammer."
"valentine_campaign_reward_popup_claim_reward","Claim reward"
"kingdom_explanation_popup","You can ask other Candy fans for help!"
"kingdom_explanation_genie","Those friendly faces on your map are other Candy fans! Have fun!"
"map_decoration_text_episode_name_episode1240","Playful Pavilion"
"champion_title_episode58","Saucer Seeker"
"map_decoration_text_episode_name_episode58","Gummy Galaxy"
"map_decoration_text_episode_name_episode1239","Snoozy Strike"
"generic_last_life","Last life"
"champion_title_episode59","Thirsty Troubadour"
"map_decoration_text_episode_name_episode59","Truffle Terrace"
"map_decoration_text_episode_name_episode1241","Twilight Tulips"
"map_decoration_text_episode_name_episode1242","Whimsical Waves"
"champion_title_episode60","Sweet Sibling"
"map_decoration_text_episode_name_episode60","Coco Crossroads"
"button_get_friends_facebook","Show friends!"
"message_request_lives_facebook_no_friends_permission","Playing with friends is sweeter! Would you like us to show your friend list?"
"champion_title_episode61","Coco Kahuna"
"map_decoration_text_episode_name_episode61","Crumbly Coast"
"map_decoration_text_episode_name_episode1243","Banana Bliss"
"map_decoration_text_episode_name_episode1244","Nocturnal Nuisance"
"saga15_sugartrack_speechbubble_tutorial01","Collect Sugar Drops to win rewards"
"saga15_sugartrack_speechbubble_offline01","Connect to claim your rewards and continue collecting"
"champion_title_episode63","Tickle Troll"
"map_decoration_text_episode_name_episode63","Delectable Depths"
"champion_title_episode62","Bubblegum Barber"
"map_decoration_text_episode_name_episode62","Polka Park"
"saga15_sugartrack_speechbubble_cooldown","You'll get a new Sugar Track when the cooldown is over"
"reward_message_title_m","Sweet reward!"
"reward_message_description_m","Claim your delicious gift now."
"saga15_sugartrack_speechbubble_tutorial02","A chain reaction will give you Sugar Drops"
"saga15_sugartrack_speechbubble_tutorial03","You can only collect Sugar Drops in specific levels"
"saga15_sugartrack_speechbubble_tutorial04","Match Sugar Drops to collect them"
"saga15_sugartrack_speechbubble_tutorial05","You can keep collected Sugar Drops even if you fail the level"
"saga15_sugartrack_speechbubble_deactivated","There are no Sugar Drops in this level"
"map_decoration_text_episode_name_episode1245","Dozy Dawn"
"popup_moves_with_purchase_goldbar_description","For a limited time only: With each Gold Bar purchase you get at least {0} of {1} extra moves for every level you play."
"popup_moves_with_purchase_booster_description","For a limited time only: With each booster purchase you get at least {0} of {1} extra moves for every level you play."
"popup_moves_with_purchase_subtitle","*Extra moves for {0} maximum"
"popup_moves_with_purchase_title","Extra Moves!"
"moves_with_purchase_tooltip","Get {0} hours extra moves with this purchase"
"popup_generic_hours_left","{0} hours left"
"popup_generic_minutes_left","{0} minutes left"
"popup_generic_minute_left","{0} minute left"
"cutscene_1245_owl","It's been fun! See you later!"
"generic_boosters","Boosters"
"delivery_failed_popup_button_text_m","Retry"
"champion_title_episode64","Top Tracker"
"delivery_failed_popup_title_line1_m","Thanks!"
"champion_title_episode65","Bubble Brigadier"
"delivery_failed_popup_text_m","Thanks for you purchase! Due to connection issues you did not get your product. We'll try to send it to you until it works."
"champion_title_episode66","Max Relaxer"
"map_decoration_text_episode_name_episode64","Minty Meadow"
"map_decoration_text_episode_name_episode65","Cookie Crossing"
"popup_end_of_dreamworld_title","Time to wake up!"
"popup_end_of_dreamworld_button","Get Prize!"
"popup_end_of_dreamworld_description","Even sweet dreams must end. Enjoy this tasty prize and continue your adventure in the Candy Kingdom."
"map_decoration_text_episode_name_episode66","Soda Swamp"
"popup_memorial_promo_title","Big May Sale"
"popup_memorial_promo_message","Life’s a picnic with these great deals!"
"popup_candy_bank_tab_memorial","Big May Sale"
"popup_candy_bank_title_memorial","Big May Sale"
"memorial_campaign_info_popup_sweet","Sweet!"
"map_decoration_text_episode_name_episode67","Candy Clouds"
"champion_title_episode67","Flashy Flyer"
"champion_title_episode68","Crunchy Keymaster"
"champion_title_episode69","Treasure Popper"
"map_decoration_text_episode_name_episode68","Caramel Keep"
"map_decoration_text_episode_name_episode69","Tasty Treasury"
"popup_candy_bank_tab_weekend","Weekend Sale"
"popup_candy_bank_title_weekend","Weekend Sale"
"popup_weekend_promo_title","Weekend Sale"
"popup_weekend_promo_message","Dive into these deals & join the party!"
"popup_tutorial_sugartrack_title","Sugar Track Levels!"
"weekend_sale_headline_2","Dive in & join the party!"
"weekend_sale_headline_1","Weekend Sale!"
"popup_tutorial_sugartrack_description","Replay levels to create and collect Sugar Drops. Then trade them for free boosters!"
"popup_tutorial_sugartrack_ok","Sweet"
"popup_tutorial_sugardrops_title","Sugar Drops"
"popup_tutorial_sugardrops_description","A Sugar Drop just appeared. Collect Sugar Drops to get awesome rewards!"
"popup_tutorial_sugardrops_ok","Sweet"
"push_notification_sugar_track_cooldown","Get back on the Sugar Track! Collect more Sugar Drops now!"
"champion_title_episode70","Divine Diver"
"champion_title_episode71","Flashy Fashionista"
"champion_title_episode72","Penguin President"
"map_decoration_text_episode_name_episode70","Luscious Lagoon"
"map_decoration_text_episode_name_episode71","Mellow Marshmallow"
"map_decoration_text_episode_name_episode72","Siberian Sorbet"
"popup_candy_bank_vanity_item","Buy 50 or more Gold Bars and get this hat for your profile picture. The hat is visible for one week from the purchase date."
"saga15_sugartrack_take_over_tutorial","You can now use these boosters in your game to boost your play!"
"sugartrack_rewards_mail_title","Sugar track rewards"
"sugartrack_rewards_mail_body","You have gotten: {0}. Sweet!"
"popup_collaboration_timer_seconds","Seconds"
"popup_collaboration_timer_minutes","Minutes"
"popup_collaboration_timer_hours","Hours"
"popup_collaboration_cant_wait_desc","Can't wait? Get help from 3 friends! Or, get instant access now!"
"popup_collaboration_next_episode_desc","Play the next episode in:"
"champion_title_episode73","Reindeer Ranger"
"map_decoration_text_episode_name_episode73","Cloudberry Creek"
"map_decoration_text_episode_name_episode74","Bubblegum Hut"
"champion_title_episode74","Broomstick Baron"
"map_decoration_text_episode_name_episode75","Pastry Palace"
"champion_title_episode75","Delicious Dreamer"
"popup_vanity_item_wheel_header","Win a hat!"
"popup_vanity_item_wheel_message","Roll up! Roll up! You have the chance to win a hat in the booster wheel!"
"popup_vanity_item_wheel_days_left","{0} days left."
"popup_vanity_item_wheel_day_left","{0} day left."
"champion_title_episode76","Sticky Speedster"
"champion_title_episode77","Groovy Groomer"
"champion_title_episode78","Catnip Crusader"
"map_decoration_text_episode_name_episode76","Raspberry Races"
"map_decoration_text_episode_name_episode77","Teapot Tower"
"map_decoration_text_episode_name_episode78","Barking Boutique"
"map_decoration_text_episode_name_episode79","Banana Beach"
"champion_title_episode79","Savvy Surfer"
"champion_title_episode80","Miso Master"
"map_decoration_text_episode_name_episode80","Snack Shack"
"map_decoration_text_episode_name_episode81","Fungi Forest"
"champion_title_episode81","Mushroom Master"
"champion_title_episode82","Cosmic Commander"
"map_decoration_text_episode_name_episode82","Marmalade Moon"
"popup_hard_level","Hard Level"
"popup_extra_hard_level","Extra Hard Level"
"champion_title_episode84","Crazy Cobbler"
"map_decoration_text_episode_name_episode84","Drizzly Dale"
"champion_title_episode83","Pastry Paladin"
"map_decoration_text_episode_name_episode83","Wonky Wonderland"
"map_decoration_text_episode_name_episode85","Bonbon Bistro"
"champion_title_episode85","Mimer Maestro"
"popup_game_over_victory_hard_level_congrats","Congratulations,
you completed a hard level."
"champion_title_episode86","Candy Constable"
"map_decoration_text_episode_name_episode86","Diamond District"
"popup_tutorial_howtoplay_mixed_mode_title","This is a Mixed Mode level:"
"popup_tutorial_howtoplay_mixed_mode_text","A mix between two or more game modes."
"CCS_october_sale","Game Day Sale"
"CCS_october_sale_tagline","Take it to the next level!"
"champion_title_episode87","Salty Swashbuckler"
"map_decoration_text_episode_name_episode87","Butter Rum Reef"
"champion_title_episode92","Candy Collector"
"map_decoration_text_episode_name_episode92","Candy Keep"
"popup_tutorial_howtoplay_jelly_color_mode_title","This is a Jelly Color level:"
"popup_tutorial_howtoplay_jelly_color_mode_text","Turn all the jelly green."
"popup_game_over_lose_reason_jellycolor_m","You did not make all jelly green."
"game_swipe_intro_mode_jelly_color_header","Turn all the jelly green!"
"game_swipe_end_lose_message_reason_color","Turn jelly green."
"game_swipe_end_lose_reason_color_plural","You only have {0} Jellies left."
"game_swipe_end_lose_reason_color_singular","You only have 1 Jelly left."
"map_decoration_text_episode_name_episode90","Brulee Bay"
"map_decoration_text_episode_name_episode89","Honey Hut"
"champion_title_episode89","Magnificient Muncher"
"champion_title_episode90","Tropical Trooper"
"booster_shuffle_message","Shuffling the board!"
"champion_title_episode91","Fable Finder"
"map_decoration_text_episode_name_episode91","Candied Cliffs"
"tooltip_ingame_gui_order_16","Collect Chocolate."
"tooltip_ingame_gui_order_17","Collect Frosting."
"tooltip_ingame_gui_order_18","Collect Popcorn."
"tooltip_ingame_gui_order_19","Collect Liquorice."
"champion_title_episode88","Potion Perfector"
"map_decoration_text_episode_name_episode88","Hoax Hollow"
"champion_title_episode93","Big Top Boss"
"map_decoration_text_episode_name_episode93","Syrupy Circus"
"champion_title_episode96","Savory Zeus"
"map_decoration_text_episode_name_episode96","Mount Chocolympus"
"champion_title_episode94","Slushy Snowman"
"map_decoration_text_episode_name_episode94","Festive Forest"
"map_decoration_text_episode_name_episode95","Peppermint Party"
"champion_title_episode95","Delicious DJ"
"champion_title_episode97","Cherry Champion"
"map_decoration_text_episode_name_episode97","Flavor Field"
"map_decoration_text_episode_name_episode99","Dessert Desert"
"champion_title_episode99","Highway Howler"
"champion_title_episode102","Sweet Storyteller"
"map_decoration_text_episode_name_episode102","Lullaby Lake"
"map_decoration_text_episode_name_episode98","Divine Diner"
"champion_title_episode98","Waffle Waitress"
"champion_title_episode100","Supreme Simian"
"map_decoration_text_episode_name_episode100","Delicious Dynasty"
"champion_title_episode101","Clumsy Cupid"
"champion_title_episode103","Sweet Sleeper"
"map_decoration_text_episode_name_episode101","Precious Pond"
"map_decoration_text_episode_name_episode103","Candy Canyon"
"X_Gold_Bars","{0} Gold Bars"
"1_Gold_Bar","1 Gold Bar"
"popcorn_tutorial","Use special candies or the Lollipop Hammer to pop the Popcorn."
"popcorn_tutorial_header","Pop 'em!"
"hill_unlock_country","Collect all the ingredients to
bake the cake!"
"hill_unlock_region","Finish all city hills to play the region hill"
"hill_unlock_country_with_regions","Finish all region hills to play the country hill"
"hill_unlock_continent","Collect all the cakes to unlock the Party Hill!"
"hill_unlocked_country","Wow! You've collected all the ingredients. Time to bake!"
"hill_unlocked_region","You can play the region hill!"
"hill_unlocked_continent","You did it! Time to party!"
"ufo_ingame_booster_add","Turns a random candy into a UFO."
"booster_description_CandyUfoIngame","Summon a tasty UFO that zaps the board creating 3 wrapped candies that explode."
"booster_name_CandyUfoIngame","UFO"
"champion_title_episode104","Napping Navigator"
"map_decoration_text_episode_name_episode104","Biscuit Bay"
"champion_title_episode105","Bubbly Barista"
"map_decoration_text_episode_name_episode105","Wacky Waterhole"
"booster_description_CandyUfoIngame_detailed","Your friend from outer space. Puts three wrapped candies on the board and detonates them with its powerful lasers."
"tutorial_introduceBoosterCandyUfoIngame","Click here to summon a UFO that detonates three wrapped candies on the board."
"champion_title_episode106","Pompous Painter"
"map_decoration_text_episode_name_episode106","Scrumptious Studio"
"map_decoration_text_episode_name_episode107","Vanilla Valley"
"champion_title_episode107","Chunky Chipper"
"map_decoration_text_episode_name_episode109","Sundae Stables"
"map_decoration_text_episode_name_episode108","Toffee Teasprings"
"champion_title_episode109","Rowdy Rider"
"champion_title_episode108","Super Scrubber"
"booster_name_CandyStripedBrush","Striped brush"
"booster_description_CandyStripedBrush","Paints pretty stripes on a candy of your choosing"
"booster_description_CandyStripedBrush_detailed","Use this brush to paint stripes on a candy. You choose both which candy to transform and the direction of the stripes."
"tutorial_introduceBoosterCandyStripedBrush","Click here to buy a brush that lets you paint stripes on one candy of your choice."
"wild_treasure_reward_popup","Amazing, here is a reward!"
"popup_game_start_game_mode_jelly_drop","Clear all the jelly and collect all ingredients to complete the level!"
"game_swipe_intro_mode_jelly_drop_header","Clear all the jelly and collect all ingredients!"
"map_decoration_text_episode_name_episode110","Milky Marina"
"champion_title_episode110","Blueberry Bather"
"map_decoration_text_episode_name_episode111","Marzipan Mine"
"champion_title_episode111","Candid Caver"
"champion_title_episode112","Valkyrie Victor"
"map_decoration_text_episode_name_episode112","Honey Highlands"
"champion_title_episode113","Fungus Fixer"
"map_decoration_text_episode_name_episode113","Taffy Treetops"
"champion_title_episode114","Biscuit Barber"
"map_decoration_text_episode_name_episode114","Sugar Shrubs"
"map_decoration_text_episode_name_episode115","Sweet Skies"
"champion_title_episode115","Lovely Levitator"
"tooltip_ingame_gui_jelly","Crush all jelly."
"game_jelly_counter_header","Clear:"
"tutorial_Booster_Demonstration_Button","Show me!"
"tutorial_seedBoosterCandyUfoIngame","Out of this world: UFOs spotted! Each UFO creates 3 exploding Wrapped Candies."
"champion_title_episode116","Bee Bouncer"
"map_decoration_text_episode_name_episode116","Piñata Park"
"map_decoration_text_episode_name_episode117","Sprinkle Sea"
"champion_title_episode117","Divine Diver"
"champion_title_episode118","Camp Commando"
"map_decoration_text_episode_name_episode118","Blueberry Brush"
"map_decoration_text_episode_name_episode120","Delightful Docks"
"champion_title_episode120","Poetic Paddler"
"map_decoration_text_episode_name_episode119","Wiggly Wheel"
"champion_title_episode119","Chipper Charger"
"champion_title_episode123","Slushy Stylist"
"map_decoration_text_episode_name_episode123","Icing Islands"
"map_decoration_text_episode_name_episode121","Fruity Fairground"
"champion_title_episode121","Sugary Strongman"
"map_decoration_text_episode_name_episode122","Bonbon Beanstalk"
"champion_title_episode122","Classy Climber"
"map_decoration_text_episode_name_episode124","Apricot Alley"
"champion_title_episode124","Cordial Caller"
"popup_collaboration_lock_ticket_subtitle","Get your ticket to the next episode"
"popup_collaboration_lock_ticket_play","Play for ticket"
"popup_collaboration_lock_ticket_ask_friends","Ask friends for help"
"popup_collaboration_lock_ticket_pay","Instant access!"
"map_decoration_text_episode_name_episode127","Funky Farm"
"champion_title_episode127","Fishy Fixer"
"map_decoration_text_episode_name_episode125","Peanut Pass"
"champion_title_episode125","Cushiony Catcher"
"bnr_fill_the_meter","Fill the meter!"
"map_decoration_text_episode_name_episode128","Kooky Kingdom"
"champion_title_episode128","Fairy Tailor"
"map_decoration_text_episode_name_episode126","Licorice Luna"
"champion_title_episode126","Astral Artist"
"popup_collab_get_ticket","Get your episode ticket!"
"map_decoration_text_episode_name_episode130","Hippy Hills"
"champion_title_episode130","Broccoli Bruiser"
"game_swipe_intro_ticket_level","Reach 100%"
"game_swipe_end_lose_message_reason_score_close_call","You only need {0} more points!"
"game_swipe_end_lose_message_ticket_level","You didn’t fill the Ticket Bar!"
"game_swipe_end_lose_message_ticket_level_close_call","So close! You only need {0}% more!"
"menu_prelevel_ticket","Ticket Quest"
"map_decoration_text_episode_name_episode132","Custard Coast"
"champion_title_episode132","Shark Survivor"
"map_decoration_text_episode_name_episode131","Spicy Shop"
"champion_title_episode131","Fiery Feaster"
"champion_title_episode129","Drizzle Deflector"
"map_decoration_text_episode_name_episode129","Praline Pavilion"
"preloader_tips_header","Did you know?"
"preloader_tips_game","So far, more than one trillion game rounds have been played"
"preloader_tips_game_2","About 20 billion game rounds are being played every month"
"preloader_tips_messages","So far, players have sent about 550 billion messages to their friends"
"preloader_tips_messages_2","Players send about 18 billion messages to their friends every month"
"preloader_tips_game_3","Candy Crush Saga is played on all seven continents, even Antarctica!"
"preloader_tips_game_4","Candy Crush Saga is played in 231 countries!"
"preloader_tips_game_5","Players swipe more than two laps around the globe on their mobiles every day!"
"preloader_tips_levels","New levels are released every week"
"preloader_tips_levels_2","There are more than 2000 levels in Candy Crush Saga"
"preloader_tips_episodes","There are more than 140 episodes in Candy Crush Saga"
"preloader_tips_toffee_3","Mr. Toffee and Yeti have been friends since they were young"
"preloader_tips_misty","Misty the unicorn is so forgetful that she often tells the same story twice"
"preloader_tips_denize","Denize the dragon is 200 years old! She sure stays young in mind."
"preloader_tips_benny","Benny the bunny has 17 siblings!"
"preloader_tips_suzy","Suzy the giraffe really dislikes heights. That can't be easy..."
"map_decoration_text_episode_name_episode133","Vanilla Villa"
"champion_title_episode133","Mirror Master"
"map_decoration_text_episode_name_episode136","Soda Surf"
"champion_title_episode136","Sparkling Skipper"
"ticket_level_win_animation","New Episode Unlocked!"
"map_decoration_text_episode_name_episode135","Corny Crossroads"
"champion_title_episode135","Supernatural Snatcher"
"popup_collab_lock_title","Unlock the next Episode"
"popup_collab_lock_desc","Wait or choose an option"
"popup_collab_lock_buy_button","Instant access!"
"popup_settings_howtoplay_ticket_mode","This is a Ticket Quest Level:"
"popup_settings_howtoplay_ticket_mode_desc","Match candies to fill the Ticket Bar - Reach 100%"
"game_swipe_intro_mode_ticket_quest_header","Fill the Ticket Bar"
"popup_collaboration_unlocked_header","New episode unlocked!"
"popup_collaboration_lock_ticket_ask_friends_desc","Remember: you need help from three friends!"
"popup_collaboration_received_toothfairy_header","Tooth Fairy´s Gift"
"popup_collaboration_panel_ticket_quest_message","You can unlock the next Episode now by playing for a ticket, choosing Instant Access or getting help from 3 friends!"
"plus_generic","+{0}"
"map_decoration_text_episode_name_episode137","Cavity Cave"
"champion_title_episode137","Sticky Sculptor"
"champion_title_episode134","Cheeky Charlatan"
"map_decoration_text_episode_name_episode134","Bubblegum Bazaar"
"popup_game_over_fail_reason_game_mode_not_completable","You were not able to collect all orders! "
"popup_tutorial_magic_mixer_order_mode","On this level the Magic Mixer creates the orders. Don't destroy it too early!"
"game_swipe_end_lose_message_reason_not_completable","Level not completable. You destroyed the Magic Mixer."
"map_decoration_text_episode_name_episode141","Research Reef"
"map_decoration_text_episode_name_episode139","Luscious Lane"
"champion_title_episode141","Shark Scholar"
"champion_title_episode139","Terrific Tracker"
"map_decoration_text_episode_name_episode140","Shaky Shire"
"champion_title_episode140","Basket Boss"
"map_decoration_text_episode_name_episode138","Tricky Tracks"
"champion_title_episode138","Pumpkin Pilot"
"map_decoration_text_episode_name_episode142","Treacle Retreat"
"champion_title_episode142","Brûlée Barber"
"champion_title_episode143","Bracelet Buddy"
"map_decoration_text_episode_name_episode143","Radiant Resort"
"champion_title_episode144","Prickly Picker"
"map_decoration_text_episode_name_episode144","Dainty Dunes"
"map_decoration_text_episode_name_episode145","Pastry Peaks"
"champion_title_episode145","Burning Baker"
"map_decoration_text_episode_name_episode146","Chilly Chimneys"
"champion_title_episode146","Holiday Helper"
"map_decoration_text_episode_name_episode147","Candy Countdown"
"champion_title_episode147","Rocket Rider"
"map_decoration_text_episode_name_episode148","Gumball Gorge"
"champion_title_episode148","Splendid Spotter"
"popup_level_2000_complete_title","You did it!"
"popup_level_2000_complete_message","You finished 2000 levels, that’s awesome! This is a gift from us - thanks for playing!"
"popup_level_2000_complete_button","Sweet!"
"popup_level_2000_title","2000 levels!"
"popup_level_2000_message","Everyone in the Kingdom is celebrating Level 2000. Take this gift and join the fun!
"
"popup_level_2000_button","Colorific!"
"map_decoration_text_episode_name_episode150","Fizzy Factory"
"champion_title_episode150","Bonbon Boxer"
"map_decoration_text_episode_name_episode149","Scrumptious Slopes"
"champion_title_episode149","Sundae Sergeant"
"map_decoration_text_episode_name_episode151","Tasty Tops"
"champion_title_episode151","Chomper Champ"
"map_decoration_text_episode_name_episode152","Smiley Seas"
"champion_title_episode152","Candy Cleaner"
"map_decoration_text_episode_name_episode153","Crumbly Crossing"
"champion_title_episode153","Love Launcher"
"map_decoration_text_episode_name_episode154","Swirly Steppes"
"champion_title_episode154","Twister Tamer"
"game_swipe_end_lose_message_ticket_level_close_call_bubble","You only need {0}% more!"
"game_swipe_end_lose_message_close_fail_bubble_header","You are so close!"
